ANISOTROPIC PREM NO OCEAN
1 1.0 0   
13  180  358 0.63710000E+04
  180    0.             0.122149072E+04
 0.130884776E+02  0.              -0.883810500E+01  0.              0.
 0.112622049E+02  0.              -0.636399311E+01  0.              0.
 0.366779924E+01  0.              -0.444749354E+01  0.              0.
 0.118183741E-01  0.               0.               0.              0.
 0.753261849E-03  0.               0.               0.              0.
 0.112622049E+02  0.              -0.636399311E+01  0.              0.
 0.366779924E+01  0.              -0.444749354E+01  0.              0.
 0.100000000E+01  0.               0.               0.              0.
  178    0.122149072E+04 0.347995776E+04
 0.125815196E+02 -0.126384229E+01 -0.364264784E+01 -0.552812060E+01 0.
 0.110486686E+02 -0.403621616E+01  0.480227949E+01 -0.135731718E+02 0.
 0.               0.               0.               0.              0.
 0.               0.               0.               0.              0.
 0.172943092E-04  0.               0.               0.              0.
 0.110486686E+02 -0.403621616E+01  0.480227949E+01 -0.135731718E+02 0.
 0.               0.               0.               0.              0.
 0.100000000E+01  0.               0.               0.              0.
   17    0.347995776E+04 0.363000000E+04 1.00000000E+21
 0.795648442E+01 -0.647611380E+01  0.552830795E+01 -0.308072575E+01 0.
 0.153890865E+02 -0.531813659E+01  0.552420644E+01 -0.255141860E+01 0.
 0.692541340E+01  0.146721617E+01 -0.208343139E+01  0.978252466E+00 0.
 0.320524304E-02  0.               0.               0.              0.
 0.172943092E-04  0.               0.               0.              0.
 0.153890865E+02 -0.531813659E+01  0.552420644E+01 -0.255141860E+01 0.
 0.692541340E+01  0.146721617E+01 -0.208343139E+01  0.978252466E+00 0.
 0.100000000E+01  0.               0.               0.              0.
  209    0.363000000E+04 0.560000000E+04 1.00000000E+21
 0.795648442E+01 -0.647611380E+01  0.552830795E+01 -0.308072575E+01 0.
 0.249519775E+02 -0.404673029E+02  0.514832474E+02 -0.266419466E+02 0.
 0.111671404E+02 -0.137817918E+02  0.174574927E+02 -0.927766453E+01 0.
 0.320524304E-02  0.               0.               0.              0.
 0.172943092E-04  0.               0.               0.              0.
 0.249519775E+02 -0.404673029E+02  0.514832474E+02 -0.266419466E+02 0.
 0.111671404E+02 -0.137817918E+02  0.174574927E+02 -0.927766453E+01 0.
 0.100000000E+01  0.               0.               0.              0.
   17    0.560000000E+04 0.570100000E+04 1.00000000E+21
 0.795648442E+01 -0.647611380E+01  0.552830795E+01 -0.308072575E+01 0.
 0.292765785E+02 -0.236027129E+02  0.552420644E+01 -0.255141860E+01 0.
 0.223458694E+02 -0.172472878E+02 -0.208343139E+01  0.978252466E+00 0.
 0.320524304E-02  0.               0.               0.              0.
 0.172943092E-04  0.               0.               0.              0.
 0.292765785E+02 -0.236027129E+02  0.552420644E+01 -0.255141860E+01 0.
 0.223458694E+02 -0.172472878E+02 -0.208343139E+01  0.978252466E+00 0.
 0.100000000E+01  0.               0.               0.              0.
   15    0.570100000E+04 0.577100000E+04 1.00000000E+21
 0.531970397E+01 -0.148358655E+01  0.               0.              0.
 0.190957197E+02 -0.986715415E+01  0.               0.              0.
 0.998387097E+01 -0.493237052E+01  0.               0.              0.
 0.699210684E-02  0.               0.               0.              0.
 0.172943092E-04  0.               0.               0.              0.
 0.190957197E+02 -0.986715415E+01  0.               0.              0.
 0.998387097E+01 -0.493237052E+01  0.               0.              0.
 0.100000000E+01  0.               0.               0.              0.
   31    0.577100000E+04 0.597100000E+04 1.00000000E+21
 0.112494452E+02 -0.802982995E+01  0.               0.              0.
 0.397026590E+02 -0.326165503E+02  0.               0.              0.
 0.223512291E+02 -0.185855526E+02  0.               0.              0.
 0.699210684E-02  0.               0.               0.              0.
 0.172943092E-04  0.               0.               0.              0.
 0.397026590E+02 -0.326165503E+02  0.               0.              0.
 0.223512291E+02 -0.185855526E+02  0.               0.              0.
 0.100000000E+01  0.               0.               0.              0.
   31    0.597100000E+04 0.615100000E+04 1.00000000E+21
 0.710889302E+01 -0.380449820E+01  0.               0.              0.
 0.203925701E+02 -0.122568724E+02  0.               0.              0.
 0.894959950E+01 -0.445970000E+01  0.               0.              0.
 0.699210684E-02  0.               0.               0.              0.
 0.172943092E-04  0.               0.               0.              0.
 0.203925701E+02 -0.122568724E+02  0.               0.              0.
 0.894959950E+01 -0.445970000E+01  0.               0.              0.
 0.100000000E+01  0.               0.               0.              0.
   24    0.615100000E+04 0.629100000E+04 1.00000000E+21
 0.269097526E+01  0.692430139E+00  0.               0.              0.
 0.831744752E+00  0.721799310E+01  0.               0.              0.
 0.585824462E+01 -0.146782917E+01  0.               0.              0.
 0.125000000E-01  0.               0.               0.              0.
 0.172943092E-04  0.               0.               0.              0.
 0.359083062E+01  0.461721834E+01  0.               0.              0.
-0.108391199E+01  0.571762943E+01  0.               0.              0.
 0.336873898E+01 -0.247775555E+01  0.               0.              0.
   15    0.629100000E+04 0.634662891E+04 1.00000000E+21
 0.269097526E+01  0.692430139E+00  0.               0.              0.
 0.831744752E+00  0.721799310E+01  0.               0.              0.
 0.585824462E+01 -0.146782917E+01  0.               0.              0.
 0.166666667E-02  0.               0.               0.              0.
 0.172943092E-04  0.               0.               0.              0.
 0.359083062E+01  0.461721834E+01  0.               0.              0.
-0.108391199E+01  0.571762943E+01  0.               0.              0.
 0.336873898E+01 -0.247775555E+01  0.               0.              0.
   11    0.634662891E+04 0.635600000E+04 1.00000000E+21
 0.290000000E+01  0.               0.               0.              0.
 0.680000000E+01  0.               0.               0.              0.
 0.390000000E+01  0.               0.               0.              0.
 0.166666667E-02  0.               0.               0.              0.
 0.172943092E-04  0.               0.               0.              0.
 0.680000000E+01  0.               0.               0.              0.
 0.390000000E+01  0.               0.               0.              0.
 0.100000000E+01  0.               0.               0.              0.
   11    0.635600000E+04 0.636800000E+04 1.00000000E+21
 0.260000000E+01  0.               0.               0.              0.
 0.580000000E+01  0.               0.               0.              0.
 0.320000000E+01  0.               0.               0.              0.
 0.166666667E-02  0.               0.               0.              0.
 0.172943092E-04  0.               0.               0.              0.
 0.580000000E+01  0.               0.               0.              0.
 0.320000000E+01  0.               0.               0.              0.
 0.100000000E+01  0.               0.               0.              0.
   11    0.636800000E+04 0.637100000E+04
 0.260000000E+01  0.               0.               0.              0.
 0.580000000E+01  0.               0.               0.              0.
 0.320000000E+01  0.               0.               0.              0.
 0.166666667E-02  0.               0.               0.              0.
 0.172943092E-04  0.               0.               0.              0.
 0.580000000E+01  0.               0.               0.              0.
 0.320000000E+01  0.               0.               0.              0.
 0.100000000E+01  0.               0.               0.              0.
