           0           1           0           0
           1           1           1           0
           2           1           2           0
           3           1           3           0
           4           1           4           0
           5           1           5           0
           6           1           6           0
           7           1           7           0
           8           1           8           0
           9           1           9           0
          10           1          10           0
          11           1           0           1
          12           1           1           1
          13           1           2           1
          14           1           3           1
          15           1           4           1
          16           1           5           1
          17           1           6           1
          18           1           7           1
          19           1           8           1
          20           1           9           1
          21           1          10           1
          22           1           0           2
          23           1           1           2
          24           1           2           2
          25           1           3           2
          26           1           4           2
          27           1           5           2
          28           1           6           2
          29           1           7           2
          30           1           8           2
          31           1           9           2
          32           1          10           2
          33           1           0           3
          34           1           1           3
          35           1           2           3
          36           1           3           3
          37           1           4           3
          38           1           5           3
          39           1           6           3
          40           1           7           3
          41           1           8           3
          42           1           9           3
          43           1          10           3
          44           1           0           4
          45           1           1           4
          46           1           2           4
          47           1           3           4
          48           1           4           4
          49           1           5           4
          50           1           6           4
          51           1           7           4
          52           1           8           4
          53           1           9           4
          54           1          10           4
          55           1           0           5
          56           1           1           5
          57           1           2           5
          58           1           3           5
          59           1           4           5
          60           1           5           5
          61           1           6           5
          62           1           7           5
          63           1           8           5
          64           1           9           5
          65           1          10           5
          66           1           0           6
          67           1           1           6
          68           1           2           6
          69           1           3           6
          70           1           4           6
          71           1           5           6
          72           1           6           6
          73           1           7           6
          74           1           8           6
          75           1           9           6
          76           1          10           6
          77           1           0           7
          78           1           1           7
          79           1           2           7
          80           1           3           7
          81           1           4           7
          82           1           5           7
          83           1           6           7
          84           1           7           7
          85           1           8           7
          86           1           9           7
          87           1          10           7
          88           1           0           8
          89           1           1           8
          90           1           2           8
          91           1           3           8
          92           1           4           8
          93           1           5           8
          94           1           6           8
          95           1           7           8
          96           1           8           8
          97           1           9           8
          98           1          10           8
          99           1           0           9
         100           1           1           9
         101           1           2           9
         102           1           3           9
         103           1           4           9
         104           1           5           9
         105           1           6           9
         106           1           7           9
         107           1           8           9
         108           1           9           9
         109           1          10           9
         110           1           0          10
         111           1           1          10
         112           1           2          10
         113           1           3          10
         114           1           4          10
         115           1           5          10
         116           1           6          10
         117           1           7          10
         118           1           8          10
         119           1           9          10
         120           1          10          10
         121           2           0           0
         122           2           1           0
         123           2           2           0
         124           2           3           0
         125           2           4           0
         126           2           5           0
         127           2           6           0
         128           2           7           0
         129           2           8           0
         130           2           9           0
         131           2          10           0
         132           2           0           1
         133           2           1           1
         134           2           2           1
         135           2           3           1
         136           2           4           1
         137           2           5           1
         138           2           6           1
         139           2           7           1
         140           2           8           1
         141           2           9           1
         142           2          10           1
         143           2           0           2
         144           2           1           2
         145           2           2           2
         146           2           3           2
         147           2           4           2
         148           2           5           2
         149           2           6           2
         150           2           7           2
         151           2           8           2
         152           2           9           2
         153           2          10           2
         154           2           0           3
         155           2           1           3
         156           2           2           3
         157           2           3           3
         158           2           4           3
         159           2           5           3
         160           2           6           3
         161           2           7           3
         162           2           8           3
         163           2           9           3
         164           2          10           3
         165           2           0           4
         166           2           1           4
         167           2           2           4
         168           2           3           4
         169           2           4           4
         170           2           5           4
         171           2           6           4
         172           2           7           4
         173           2           8           4
         174           2           9           4
         175           2          10           4
         176           2           0           5
         177           2           1           5
         178           2           2           5
         179           2           3           5
         180           2           4           5
         181           2           5           5
         182           2           6           5
         183           2           7           5
         184           2           8           5
         185           2           9           5
         186           2          10           5
         187           2           0           6
         188           2           1           6
         189           2           2           6
         190           2           3           6
         191           2           4           6
         192           2           5           6
         193           2           6           6
         194           2           7           6
         195           2           8           6
         196           2           9           6
         197           2          10           6
         198           2           0           7
         199           2           1           7
         200           2           2           7
         201           2           3           7
         202           2           4           7
         203           2           5           7
         204           2           6           7
         205           2           7           7
         206           2           8           7
         207           2           9           7
         208           2          10           7
         209           2           0           8
         210           2           1           8
         211           2           2           8
         212           2           3           8
         213           2           4           8
         214           2           5           8
         215           2           6           8
         216           2           7           8
         217           2           8           8
         218           2           9           8
         219           2          10           8
         220           2           0           9
         221           2           1           9
         222           2           2           9
         223           2           3           9
         224           2           4           9
         225           2           5           9
         226           2           6           9
         227           2           7           9
         228           2           8           9
         229           2           9           9
         230           2          10           9
         231           2           0          10
         232           2           1          10
         233           2           2          10
         234           2           3          10
         235           2           4          10
         236           2           5          10
         237           2           6          10
         238           2           7          10
         239           2           8          10
         240           2           9          10
         241           2          10          10
         242           3           0           0
         243           3           1           0
         244           3           2           0
         245           3           3           0
         246           3           4           0
         247           3           5           0
         248           3           6           0
         249           3           7           0
         250           3           8           0
         251           3           9           0
         252           3          10           0
         253           3           0           1
         254           3           1           1
         255           3           2           1
         256           3           3           1
         257           3           4           1
         258           3           5           1
         259           3           6           1
         260           3           7           1
         261           3           8           1
         262           3           9           1
         263           3          10           1
         264           3           0           2
         265           3           1           2
         266           3           2           2
         267           3           3           2
         268           3           4           2
         269           3           5           2
         270           3           6           2
         271           3           7           2
         272           3           8           2
         273           3           9           2
         274           3          10           2
         275           3           0           3
         276           3           1           3
         277           3           2           3
         278           3           3           3
         279           3           4           3
         280           3           5           3
         281           3           6           3
         282           3           7           3
         283           3           8           3
         284           3           9           3
         285           3          10           3
         286           3           0           4
         287           3           1           4
         288           3           2           4
         289           3           3           4
         290           3           4           4
         291           3           5           4
         292           3           6           4
         293           3           7           4
         294           3           8           4
         295           3           9           4
         296           3          10           4
         297           3           0           5
         298           3           1           5
         299           3           2           5
         300           3           3           5
         301           3           4           5
         302           3           5           5
         303           3           6           5
         304           3           7           5
         305           3           8           5
         306           3           9           5
         307           3          10           5
         308           3           0           6
         309           3           1           6
         310           3           2           6
         311           3           3           6
         312           3           4           6
         313           3           5           6
         314           3           6           6
         315           3           7           6
         316           3           8           6
         317           3           9           6
         318           3          10           6
         319           3           0           7
         320           3           1           7
         321           3           2           7
         322           3           3           7
         323           3           4           7
         324           3           5           7
         325           3           6           7
         326           3           7           7
         327           3           8           7
         328           3           9           7
         329           3          10           7
         330           3           0           8
         331           3           1           8
         332           3           2           8
         333           3           3           8
         334           3           4           8
         335           3           5           8
         336           3           6           8
         337           3           7           8
         338           3           8           8
         339           3           9           8
         340           3          10           8
         341           3           0           9
         342           3           1           9
         343           3           2           9
         344           3           3           9
         345           3           4           9
         346           3           5           9
         347           3           6           9
         348           3           7           9
         349           3           8           9
         350           3           9           9
         351           3          10           9
         352           3           0          10
         353           3           1          10
         354           3           2          10
         355           3           3          10
         356           3           4          10
         357           3           5          10
         358           3           6          10
         359           3           7          10
         360           3           8          10
         361           3           9          10
         362           3          10          10
         363           4           0           0
         364           4           1           0
         365           4           2           0
         366           4           3           0
         367           4           4           0
         368           4           5           0
         369           4           6           0
         370           4           7           0
         371           4           8           0
         372           4           9           0
         373           4          10           0
         374           4           0           1
         375           4           1           1
         376           4           2           1
         377           4           3           1
         378           4           4           1
         379           4           5           1
         380           4           6           1
         381           4           7           1
         382           4           8           1
         383           4           9           1
         384           4          10           1
         385           4           0           2
         386           4           1           2
         387           4           2           2
         388           4           3           2
         389           4           4           2
         390           4           5           2
         391           4           6           2
         392           4           7           2
         393           4           8           2
         394           4           9           2
         395           4          10           2
         396           4           0           3
         397           4           1           3
         398           4           2           3
         399           4           3           3
         400           4           4           3
         401           4           5           3
         402           4           6           3
         403           4           7           3
         404           4           8           3
         405           4           9           3
         406           4          10           3
         407           4           0           4
         408           4           1           4
         409           4           2           4
         410           4           3           4
         411           4           4           4
         412           4           5           4
         413           4           6           4
         414           4           7           4
         415           4           8           4
         416           4           9           4
         417           4          10           4
         418           4           0           5
         419           4           1           5
         420           4           2           5
         421           4           3           5
         422           4           4           5
         423           4           5           5
         424           4           6           5
         425           4           7           5
         426           4           8           5
         427           4           9           5
         428           4          10           5
         429           4           0           6
         430           4           1           6
         431           4           2           6
         432           4           3           6
         433           4           4           6
         434           4           5           6
         435           4           6           6
         436           4           7           6
         437           4           8           6
         438           4           9           6
         439           4          10           6
         440           4           0           7
         441           4           1           7
         442           4           2           7
         443           4           3           7
         444           4           4           7
         445           4           5           7
         446           4           6           7
         447           4           7           7
         448           4           8           7
         449           4           9           7
         450           4          10           7
         451           4           0           8
         452           4           1           8
         453           4           2           8
         454           4           3           8
         455           4           4           8
         456           4           5           8
         457           4           6           8
         458           4           7           8
         459           4           8           8
         460           4           9           8
         461           4          10           8
         462           4           0           9
         463           4           1           9
         464           4           2           9
         465           4           3           9
         466           4           4           9
         467           4           5           9
         468           4           6           9
         469           4           7           9
         470           4           8           9
         471           4           9           9
         472           4          10           9
         473           4           0          10
         474           4           1          10
         475           4           2          10
         476           4           3          10
         477           4           4          10
         478           4           5          10
         479           4           6          10
         480           4           7          10
         481           4           8          10
         482           4           9          10
         483           4          10          10
         484           5           0           0
         485           5           1           0
         486           5           2           0
         487           5           3           0
         488           5           4           0
         489           5           5           0
         490           5           6           0
         491           5           7           0
         492           5           8           0
         493           5           9           0
         494           5          10           0
         495           5           0           1
         496           5           1           1
         497           5           2           1
         498           5           3           1
         499           5           4           1
         500           5           5           1
         501           5           6           1
         502           5           7           1
         503           5           8           1
         504           5           9           1
         505           5          10           1
         506           5           0           2
         507           5           1           2
         508           5           2           2
         509           5           3           2
         510           5           4           2
         511           5           5           2
         512           5           6           2
         513           5           7           2
         514           5           8           2
         515           5           9           2
         516           5          10           2
         517           5           0           3
         518           5           1           3
         519           5           2           3
         520           5           3           3
         521           5           4           3
         522           5           5           3
         523           5           6           3
         524           5           7           3
         525           5           8           3
         526           5           9           3
         527           5          10           3
         528           5           0           4
         529           5           1           4
         530           5           2           4
         531           5           3           4
         532           5           4           4
         533           5           5           4
         534           5           6           4
         535           5           7           4
         536           5           8           4
         537           5           9           4
         538           5          10           4
         539           5           0           5
         540           5           1           5
         541           5           2           5
         542           5           3           5
         543           5           4           5
         544           5           5           5
         545           5           6           5
         546           5           7           5
         547           5           8           5
         548           5           9           5
         549           5          10           5
         550           5           0           6
         551           5           1           6
         552           5           2           6
         553           5           3           6
         554           5           4           6
         555           5           5           6
         556           5           6           6
         557           5           7           6
         558           5           8           6
         559           5           9           6
         560           5          10           6
         561           5           0           7
         562           5           1           7
         563           5           2           7
         564           5           3           7
         565           5           4           7
         566           5           5           7
         567           5           6           7
         568           5           7           7
         569           5           8           7
         570           5           9           7
         571           5          10           7
         572           5           0           8
         573           5           1           8
         574           5           2           8
         575           5           3           8
         576           5           4           8
         577           5           5           8
         578           5           6           8
         579           5           7           8
         580           5           8           8
         581           5           9           8
         582           5          10           8
         583           5           0           9
         584           5           1           9
         585           5           2           9
         586           5           3           9
         587           5           4           9
         588           5           5           9
         589           5           6           9
         590           5           7           9
         591           5           8           9
         592           5           9           9
         593           5          10           9
         594           5           0          10
         595           5           1          10
         596           5           2          10
         597           5           3          10
         598           5           4          10
         599           5           5          10
         600           5           6          10
         601           5           7          10
         602           5           8          10
         603           5           9          10
         604           5          10          10
         605           6           0           0
         606           6           1           0
         607           6           2           0
         608           6           3           0
         609           6           4           0
         610           6           5           0
         611           6           6           0
         612           6           7           0
         613           6           8           0
         614           6           9           0
         615           6          10           0
         616           6           0           1
         617           6           1           1
         618           6           2           1
         619           6           3           1
         620           6           4           1
         621           6           5           1
         622           6           6           1
         623           6           7           1
         624           6           8           1
         625           6           9           1
         626           6          10           1
         627           6           0           2
         628           6           1           2
         629           6           2           2
         630           6           3           2
         631           6           4           2
         632           6           5           2
         633           6           6           2
         634           6           7           2
         635           6           8           2
         636           6           9           2
         637           6          10           2
         638           6           0           3
         639           6           1           3
         640           6           2           3
         641           6           3           3
         642           6           4           3
         643           6           5           3
         644           6           6           3
         645           6           7           3
         646           6           8           3
         647           6           9           3
         648           6          10           3
         649           6           0           4
         650           6           1           4
         651           6           2           4
         652           6           3           4
         653           6           4           4
         654           6           5           4
         655           6           6           4
         656           6           7           4
         657           6           8           4
         658           6           9           4
         659           6          10           4
         660           6           0           5
         661           6           1           5
         662           6           2           5
         663           6           3           5
         664           6           4           5
         665           6           5           5
         666           6           6           5
         667           6           7           5
         668           6           8           5
         669           6           9           5
         670           6          10           5
         671           6           0           6
         672           6           1           6
         673           6           2           6
         674           6           3           6
         675           6           4           6
         676           6           5           6
         677           6           6           6
         678           6           7           6
         679           6           8           6
         680           6           9           6
         681           6          10           6
         682           6           0           7
         683           6           1           7
         684           6           2           7
         685           6           3           7
         686           6           4           7
         687           6           5           7
         688           6           6           7
         689           6           7           7
         690           6           8           7
         691           6           9           7
         692           6          10           7
         693           6           0           8
         694           6           1           8
         695           6           2           8
         696           6           3           8
         697           6           4           8
         698           6           5           8
         699           6           6           8
         700           6           7           8
         701           6           8           8
         702           6           9           8
         703           6          10           8
         704           6           0           9
         705           6           1           9
         706           6           2           9
         707           6           3           9
         708           6           4           9
         709           6           5           9
         710           6           6           9
         711           6           7           9
         712           6           8           9
         713           6           9           9
         714           6          10           9
         715           6           0          10
         716           6           1          10
         717           6           2          10
         718           6           3          10
         719           6           4          10
         720           6           5          10
         721           6           6          10
         722           6           7          10
         723           6           8          10
         724           6           9          10
         725           6          10          10
