           1         0.0    13088.48    11262.20    11262.20     3667.80     3667.80
           2      6824.0    13088.47    11262.20    11262.20     3667.79     3667.79
           3     13647.9    13088.44    11262.18    11262.18     3667.78     3667.78
           4     20471.9    13088.39    11262.14    11262.14     3667.75     3667.75
           5     27295.9    13088.32    11262.09    11262.09     3667.72     3667.72
           6     34119.9    13088.22    11262.02    11262.02     3667.67     3667.67
           7     40943.8    13088.11    11261.94    11261.94     3667.62     3667.62
           8     47767.8    13087.98    11261.85    11261.85     3667.55     3667.55
           9     54591.8    13087.83    11261.74    11261.74     3667.47     3667.47
          10     61415.7    13087.66    11261.61    11261.61     3667.39     3667.39
          11     68239.7    13087.46    11261.47    11261.47     3667.29     3667.29
          12     75063.7    13087.25    11261.32    11261.32     3667.18     3667.18
          13     81887.6    13087.02    11261.15    11261.15     3667.06     3667.06
          14     88711.6    13086.76    11260.97    11260.97     3666.94     3666.94
          15     95535.6    13086.49    11260.77    11260.77     3666.80     3666.80
          16    102359.6    13086.20    11260.56    11260.56     3666.65     3666.65
          17    109183.5    13085.88    11260.34    11260.34     3666.49     3666.49
          18    116007.5    13085.55    11260.09    11260.09     3666.32     3666.32
          19    122831.5    13085.19    11259.84    11259.84     3666.15     3666.15
          20    129655.4    13084.82    11259.57    11259.57     3665.96     3665.96
          21    136479.4    13084.42    11259.28    11259.28     3665.76     3665.76
          22    143303.4    13084.01    11258.99    11258.99     3665.55     3665.55
          23    150127.4    13083.57    11258.67    11258.67     3665.33     3665.33
          24    156951.3    13083.11    11258.34    11258.34     3665.10     3665.10
          25    163775.3    13082.64    11258.00    11258.00     3664.86     3664.86
          26    170599.3    13082.14    11257.64    11257.64     3664.61     3664.61
          27    177423.2    13081.62    11257.27    11257.27     3664.35     3664.35
          28    184247.2    13081.09    11256.88    11256.88     3664.08     3664.08
          29    191071.2    13080.53    11256.48    11256.48     3663.80     3663.80
          30    197895.1    13079.95    11256.06    11256.06     3663.51     3663.51
          31    204719.1    13079.35    11255.63    11255.63     3663.21     3663.21
          32    211543.1    13078.73    11255.19    11255.19     3662.90     3662.90
          33    218367.1    13078.09    11254.73    11254.73     3662.57     3662.57
          34    225191.0    13077.44    11254.25    11254.25     3662.24     3662.24
          35    232015.0    13076.76    11253.76    11253.76     3661.90     3661.90
          36    238839.0    13076.06    11253.26    11253.26     3661.55     3661.55
          37    245662.9    13075.34    11252.74    11252.74     3661.19     3661.19
          38    252486.9    13074.60    11252.21    11252.21     3660.81     3660.81
          39    259310.9    13073.84    11251.66    11251.66     3660.43     3660.43
          40    266134.8    13073.06    11251.10    11251.10     3660.04     3660.04
          41    272958.8    13072.25    11250.52    11250.52     3659.64     3659.64
          42    279782.8    13071.43    11249.93    11249.93     3659.22     3659.22
          43    286606.8    13070.59    11249.33    11249.33     3658.80     3658.80
          44    293430.7    13069.73    11248.71    11248.71     3658.36     3658.36
          45    300254.7    13068.85    11248.07    11248.07     3657.92     3657.92
          46    307078.7    13067.95    11247.42    11247.42     3657.47     3657.47
          47    313902.6    13067.02    11246.76    11246.76     3657.00     3657.00
          48    320726.6    13066.08    11246.08    11246.08     3656.53     3656.53
          49    327550.6    13065.12    11245.38    11245.38     3656.04     3656.04
          50    334374.6    13064.13    11244.67    11244.67     3655.55     3655.55
          51    341198.5    13063.13    11243.95    11243.95     3655.04     3655.04
          52    348022.5    13062.10    11243.21    11243.21     3654.53     3654.53
          53    354846.5    13061.06    11242.46    11242.46     3654.00     3654.00
          54    361670.4    13060.00    11241.70    11241.70     3653.47     3653.47
          55    368494.4    13058.91    11240.91    11240.91     3652.92     3652.92
          56    375318.4    13057.81    11240.12    11240.12     3652.36     3652.36
          57    382142.3    13056.68    11239.31    11239.31     3651.80     3651.80
          58    388966.3    13055.53    11238.48    11238.48     3651.22     3651.22
          59    395790.3    13054.37    11237.64    11237.64     3650.63     3650.63
          60    402614.3    13053.18    11236.79    11236.79     3650.04     3650.04
          61    409438.2    13051.98    11235.92    11235.92     3649.43     3649.43
          62    416262.2    13050.75    11235.04    11235.04     3648.81     3648.81
          63    423086.2    13049.50    11234.14    11234.14     3648.19     3648.19
          64    429910.1    13048.23    11233.23    11233.23     3647.55     3647.55
          65    436734.1    13046.95    11232.30    11232.30     3646.90     3646.90
          66    443558.1    13045.64    11231.36    11231.36     3646.24     3646.24
          67    450382.1    13044.31    11230.40    11230.40     3645.57     3645.57
          68    457206.0    13042.96    11229.43    11229.43     3644.89     3644.89
          69    464030.0    13041.59    11228.44    11228.44     3644.21     3644.21
          70    470854.0    13040.20    11227.44    11227.44     3643.51     3643.51
          71    477677.9    13038.79    11226.43    11226.43     3642.80     3642.80
          72    484501.9    13037.36    11225.40    11225.40     3642.08     3642.08
          73    491325.9    13035.91    11224.36    11224.36     3641.35     3641.35
          74    498149.8    13034.44    11223.30    11223.30     3640.61     3640.61
          75    504973.8    13032.95    11222.22    11222.22     3639.86     3639.86
          76    511797.8    13031.44    11221.14    11221.14     3639.10     3639.10
          77    518621.8    13029.91    11220.03    11220.03     3638.33     3638.33
          78    525445.7    13028.36    11218.92    11218.92     3637.55     3637.55
          79    532269.7    13026.79    11217.78    11217.78     3636.76     3636.76
          80    539093.7    13025.20    11216.64    11216.64     3635.96     3635.96
          81    545917.6    13023.58    11215.48    11215.48     3635.14     3635.14
          82    552741.6    13021.95    11214.30    11214.30     3634.32     3634.32
          83    559565.6    13020.30    11213.11    11213.11     3633.49     3633.49
          84    566389.6    13018.63    11211.91    11211.91     3632.65     3632.65
          85    573213.5    13016.93    11210.69    11210.69     3631.80     3631.80
          86    580037.5    13015.22    11209.45    11209.45     3630.93     3630.93
          87    586861.5    13013.49    11208.21    11208.21     3630.06     3630.06
          88    593685.4    13011.73    11206.94    11206.94     3629.18     3629.18
          89    600509.4    13009.96    11205.67    11205.67     3628.29     3628.29
          90    607333.4    13008.16    11204.37    11204.37     3627.38     3627.38
          91    614157.3    13006.35    11203.07    11203.07     3626.47     3626.47
          92    620981.3    13004.51    11201.74    11201.74     3625.55     3625.55
          93    627805.3    13002.66    11200.41    11200.41     3624.61     3624.61
          94    634629.3    13000.78    11199.06    11199.06     3623.67     3623.67
          95    641453.2    12998.88    11197.69    11197.69     3622.71     3622.71
          96    648277.2    12996.97    11196.31    11196.31     3621.75     3621.75
          97    655101.2    12995.03    11194.92    11194.92     3620.78     3620.78
          98    661925.1    12993.07    11193.51    11193.51     3619.79     3619.79
          99    668749.1    12991.10    11192.09    11192.09     3618.80     3618.80
         100    675573.1    12989.10    11190.65    11190.65     3617.79     3617.79
         101    682397.1    12987.08    11189.19    11189.19     3616.78     3616.78
         102    689221.0    12985.04    11187.73    11187.73     3615.75     3615.75
         103    696045.0    12982.99    11186.24    11186.24     3614.71     3614.71
         104    702869.0    12980.91    11184.75    11184.75     3613.67     3613.67
         105    709692.9    12978.81    11183.24    11183.24     3612.61     3612.61
         106    716516.9    12976.69    11181.71    11181.71     3611.55     3611.55
         107    723340.9    12974.55    11180.17    11180.17     3610.47     3610.47
         108    730164.8    12972.39    11178.61    11178.61     3609.38     3609.38
         109    736988.8    12970.21    11177.04    11177.04     3608.28     3608.28
         110    743812.8    12968.01    11175.46    11175.46     3607.18     3607.18
         111    750636.8    12965.79    11173.86    11173.86     3606.06     3606.06
         112    757460.7    12963.55    11172.25    11172.25     3604.93     3604.93
         113    764284.7    12961.29    11170.62    11170.62     3603.79     3603.79
         114    771108.7    12959.01    11168.98    11168.98     3602.65     3602.65
         115    777932.6    12956.70    11167.32    11167.32     3601.49     3601.49
         116    784756.6    12954.38    11165.65    11165.65     3600.32     3600.32
         117    791580.6    12952.04    11163.96    11163.96     3599.14     3599.14
         118    798404.5    12949.68    11162.26    11162.26     3597.95     3597.95
         119    805228.5    12947.29    11160.54    11160.54     3596.75     3596.75
         120    812052.5    12944.89    11158.81    11158.81     3595.54     3595.54
         121    818876.5    12942.47    11157.07    11157.07     3594.32     3594.32
         122    825700.4    12940.02    11155.31    11155.31     3593.10     3593.10
         123    832524.4    12937.56    11153.54    11153.54     3591.86     3591.86
         124    839348.4    12935.08    11151.75    11151.75     3590.61     3590.61
         125    846172.3    12932.57    11149.94    11149.94     3589.34     3589.34
         126    852996.3    12930.05    11148.13    11148.13     3588.07     3588.07
         127    859820.3    12927.50    11146.29    11146.29     3586.79     3586.79
         128    866644.3    12924.94    11144.45    11144.45     3585.50     3585.50
         129    873468.2    12922.35    11142.58    11142.58     3584.20     3584.20
         130    880292.2    12919.75    11140.71    11140.71     3582.89     3582.89
         131    887116.2    12917.12    11138.82    11138.82     3581.57     3581.57
         132    893940.1    12914.47    11136.91    11136.91     3580.24     3580.24
         133    900764.1    12911.81    11134.99    11134.99     3578.90     3578.90
         134    907588.1    12909.12    11133.06    11133.06     3577.54     3577.54
         135    914412.0    12906.41    11131.11    11131.11     3576.18     3576.18
         136    921236.0    12903.68    11129.14    11129.14     3574.81     3574.81
         137    928060.0    12900.94    11127.16    11127.16     3573.43     3573.43
         138    934884.0    12898.17    11125.17    11125.17     3572.03     3572.03
         139    941707.9    12895.38    11123.16    11123.16     3570.63     3570.63
         140    948531.9    12892.57    11121.14    11121.14     3569.22     3569.22
         141    955355.9    12889.74    11119.10    11119.10     3567.79     3567.79
         142    962179.8    12886.89    11117.05    11117.05     3566.36     3566.36
         143    969003.8    12884.02    11114.99    11114.99     3564.91     3564.91
         144    975827.8    12881.13    11112.90    11112.90     3563.46     3563.46
         145    982651.8    12878.22    11110.81    11110.81     3562.00     3562.00
         146    989475.7    12875.29    11108.70    11108.70     3560.52     3560.52
         147    996299.7    12872.34    11106.57    11106.57     3559.04     3559.04
         148   1003123.7    12869.37    11104.44    11104.44     3557.54     3557.54
         149   1009947.6    12866.38    11102.28    11102.28     3556.04     3556.04
         150   1016771.6    12863.37    11100.11    11100.11     3554.52     3554.52
         151   1023595.6    12860.34    11097.93    11097.93     3553.00     3553.00
         152   1030419.5    12857.29    11095.73    11095.73     3551.46     3551.46
         153   1037243.5    12854.21    11093.52    11093.52     3549.91     3549.91
         154   1044067.5    12851.12    11091.29    11091.29     3548.36     3548.36
         155   1050891.5    12848.01    11089.05    11089.05     3546.79     3546.79
         156   1057715.4    12844.88    11086.80    11086.80     3545.21     3545.21
         157   1064539.4    12841.72    11084.53    11084.53     3543.63     3543.63
         158   1071363.4    12838.55    11082.24    11082.24     3542.03     3542.03
         159   1078187.3    12835.35    11079.94    11079.94     3540.42     3540.42
         160   1085011.3    12832.14    11077.63    11077.63     3538.81     3538.81
         161   1091835.3    12828.91    11075.30    11075.30     3537.18     3537.18
         162   1098659.3    12825.65    11072.95    11072.95     3535.54     3535.54
         163   1105483.2    12822.38    11070.59    11070.59     3533.89     3533.89
         164   1112307.2    12819.08    11068.22    11068.22     3532.23     3532.23
         165   1119131.2    12815.76    11065.83    11065.83     3530.57     3530.57
         166   1125955.1    12812.43    11063.43    11063.43     3528.89     3528.89
         167   1132779.1    12809.07    11061.02    11061.02     3527.20     3527.20
         168   1139603.1    12805.70    11058.58    11058.58     3525.50     3525.50
         169   1146427.0    12802.30    11056.14    11056.14     3523.79     3523.79
         170   1153251.0    12798.88    11053.68    11053.68     3522.07     3522.07
         171   1160075.0    12795.44    11051.20    11051.20     3520.34     3520.34
         172   1166899.0    12791.99    11048.71    11048.71     3518.60     3518.60
         173   1173722.9    12788.51    11046.21    11046.21     3516.85     3516.85
         174   1180546.9    12785.01    11043.69    11043.69     3515.09     3515.09
         175   1187370.9    12781.49    11041.16    11041.16     3513.32     3513.32
         176   1194194.8    12777.95    11038.61    11038.61     3511.54     3511.54
         177   1201018.8    12774.40    11036.05    11036.05     3509.75     3509.75
         178   1207842.8    12770.82    11033.47    11033.47     3507.95     3507.95
         179   1214666.7    12767.22    11030.88    11030.88     3506.13     3506.13
         180   1221490.7    12763.60    11028.27    11028.27     3504.31     3504.31
         181   1221490.7    12166.35    10355.69    10355.69        0.00        0.00
         182   1234250.4    12159.77    10348.28    10348.28        0.00        0.00
         183   1247010.1    12153.14    10340.85    10340.85        0.00        0.00
         184   1259769.8    12146.45    10333.39    10333.39        0.00        0.00
         185   1272529.5    12139.71    10325.91    10325.91        0.00        0.00
         186   1285289.2    12132.91    10318.40    10318.40        0.00        0.00
         187   1298048.9    12126.05    10310.87    10310.87        0.00        0.00
         188   1310808.6    12119.14    10303.30    10303.30        0.00        0.00
         189   1323568.3    12112.18    10295.71    10295.71        0.00        0.00
         190   1336328.0    12105.15    10288.09    10288.09        0.00        0.00
         191   1349087.7    12098.07    10280.44    10280.44        0.00        0.00
         192   1361847.4    12090.93    10272.76    10272.76        0.00        0.00
         193   1374607.1    12083.73    10265.04    10265.04        0.00        0.00
         194   1387366.8    12076.48    10257.30    10257.30        0.00        0.00
         195   1400126.5    12069.17    10249.52    10249.52        0.00        0.00
         196   1412886.2    12061.80    10241.71    10241.71        0.00        0.00
         197   1425645.9    12054.37    10233.86    10233.86        0.00        0.00
         198   1438405.6    12046.88    10225.98    10225.98        0.00        0.00
         199   1451165.3    12039.33    10218.06    10218.06        0.00        0.00
         200   1463925.0    12031.72    10210.11    10210.11        0.00        0.00
         201   1476684.7    12024.05    10202.12    10202.12        0.00        0.00
         202   1489444.4    12016.33    10194.10    10194.10        0.00        0.00
         203   1502204.1    12008.54    10186.04    10186.04        0.00        0.00
         204   1514963.8    12000.69    10177.94    10177.94        0.00        0.00
         205   1527723.5    11992.78    10169.79    10169.79        0.00        0.00
         206   1540483.2    11984.81    10161.61    10161.61        0.00        0.00
         207   1553242.9    11976.78    10153.39    10153.39        0.00        0.00
         208   1566002.6    11968.68    10145.13    10145.13        0.00        0.00
         209   1578762.3    11960.53    10136.83    10136.83        0.00        0.00
         210   1591522.0    11952.31    10128.48    10128.48        0.00        0.00
         211   1604281.7    11944.03    10120.09    10120.09        0.00        0.00
         212   1617041.4    11935.69    10111.66    10111.66        0.00        0.00
         213   1629801.1    11927.28    10103.18    10103.18        0.00        0.00
         214   1642560.8    11918.81    10094.66    10094.66        0.00        0.00
         215   1655320.5    11910.28    10086.09    10086.09        0.00        0.00
         216   1668080.2    11901.68    10077.48    10077.48        0.00        0.00
         217   1680839.9    11893.02    10068.82    10068.82        0.00        0.00
         218   1693599.6    11884.30    10060.11    10060.11        0.00        0.00
         219   1706359.4    11875.51    10051.35    10051.35        0.00        0.00
         220   1719119.1    11866.66    10042.54    10042.54        0.00        0.00
         221   1731878.8    11857.74    10033.69    10033.69        0.00        0.00
         222   1744638.5    11848.75    10024.78    10024.78        0.00        0.00
         223   1757398.2    11839.70    10015.82    10015.82        0.00        0.00
         224   1770157.9    11830.58    10006.82    10006.82        0.00        0.00
         225   1782917.6    11821.40     9997.75     9997.75        0.00        0.00
         226   1795677.3    11812.15     9988.64     9988.64        0.00        0.00
         227   1808437.0    11802.84     9979.47     9979.47        0.00        0.00
         228   1821196.7    11793.45     9970.25     9970.25        0.00        0.00
         229   1833956.4    11784.01     9960.97     9960.97        0.00        0.00
         230   1846716.1    11774.49     9951.64     9951.64        0.00        0.00
         231   1859475.8    11764.90     9942.25     9942.25        0.00        0.00
         232   1872235.5    11755.25     9932.81     9932.81        0.00        0.00
         233   1884995.2    11745.53     9923.31     9923.31        0.00        0.00
         234   1897754.9    11735.74     9913.75     9913.75        0.00        0.00
         235   1910514.6    11725.88     9904.13     9904.13        0.00        0.00
         236   1923274.3    11715.95     9894.45     9894.45        0.00        0.00
         237   1936034.0    11705.95     9884.71     9884.71        0.00        0.00
         238   1948793.7    11695.89     9874.91     9874.91        0.00        0.00
         239   1961553.4    11685.75     9865.05     9865.05        0.00        0.00
         240   1974313.1    11675.54     9855.13     9855.13        0.00        0.00
         241   1987072.8    11665.26     9845.14     9845.14        0.00        0.00
         242   1999832.5    11654.92     9835.09     9835.09        0.00        0.00
         243   2012592.2    11644.50     9824.98     9824.98        0.00        0.00
         244   2025351.9    11634.01     9814.80     9814.80        0.00        0.00
         245   2038111.6    11623.44     9804.56     9804.56        0.00        0.00
         246   2050871.3    11612.81     9794.25     9794.25        0.00        0.00
         247   2063631.0    11602.10     9783.87     9783.87        0.00        0.00
         248   2076390.7    11591.32     9773.43     9773.43        0.00        0.00
         249   2089150.4    11580.47     9762.92     9762.92        0.00        0.00
         250   2101910.1    11569.55     9752.34     9752.34        0.00        0.00
         251   2114669.8    11558.55     9741.69     9741.69        0.00        0.00
         252   2127429.5    11547.48     9730.97     9730.97        0.00        0.00
         253   2140189.2    11536.34     9720.18     9720.18        0.00        0.00
         254   2152948.9    11525.12     9709.32     9709.32        0.00        0.00
         255   2165708.6    11513.83     9698.39     9698.39        0.00        0.00
         256   2178468.3    11502.46     9687.38     9687.38        0.00        0.00
         257   2191228.0    11491.02     9676.31     9676.31        0.00        0.00
         258   2203987.7    11479.51     9665.15     9665.15        0.00        0.00
         259   2216747.4    11467.91     9653.93     9653.93        0.00        0.00
         260   2229507.1    11456.25     9642.63     9642.63        0.00        0.00
         261   2242266.8    11444.50     9631.25     9631.25        0.00        0.00
         262   2255026.5    11432.69     9619.80     9619.80        0.00        0.00
         263   2267786.2    11420.79     9608.27     9608.27        0.00        0.00
         264   2280545.9    11408.82     9596.66     9596.66        0.00        0.00
         265   2293305.6    11396.77     9584.97     9584.97        0.00        0.00
         266   2306065.3    11384.64     9573.20     9573.20        0.00        0.00
         267   2318825.0    11372.44     9561.36     9561.36        0.00        0.00
         268   2331584.7    11360.16     9549.43     9549.43        0.00        0.00
         269   2344344.4    11347.80     9537.43     9537.43        0.00        0.00
         270   2357104.1    11335.37     9525.34     9525.34        0.00        0.00
         271   2369863.8    11322.85     9513.17     9513.17        0.00        0.00
         272   2382623.5    11310.26     9500.91     9500.91        0.00        0.00
         273   2395383.2    11297.58     9488.57     9488.57        0.00        0.00
         274   2408142.9    11284.83     9476.15     9476.15        0.00        0.00
         275   2420902.6    11272.00     9463.64     9463.64        0.00        0.00
         276   2433662.3    11259.09     9451.05     9451.05        0.00        0.00
         277   2446422.0    11246.10     9438.37     9438.37        0.00        0.00
         278   2459181.7    11233.03     9425.61     9425.61        0.00        0.00
         279   2471941.4    11219.87     9412.75     9412.75        0.00        0.00
         280   2484701.1    11206.64     9399.81     9399.81        0.00        0.00
         281   2497460.8    11193.33     9386.78     9386.78        0.00        0.00
         282   2510220.5    11179.93     9373.66     9373.66        0.00        0.00
         283   2522980.2    11166.45     9360.45     9360.45        0.00        0.00
         284   2535739.9    11152.89     9347.15     9347.15        0.00        0.00
         285   2548499.6    11139.25     9333.76     9333.76        0.00        0.00
         286   2561259.3    11125.53     9320.27     9320.27        0.00        0.00
         287   2574019.0    11111.72     9306.70     9306.70        0.00        0.00
         288   2586778.7    11097.83     9293.03     9293.03        0.00        0.00
         289   2599538.4    11083.86     9279.26     9279.26        0.00        0.00
         290   2612298.1    11069.80     9265.40     9265.40        0.00        0.00
         291   2625057.8    11055.66     9251.45     9251.45        0.00        0.00
         292   2637817.5    11041.44     9237.40     9237.40        0.00        0.00
         293   2650577.2    11027.13     9223.25     9223.25        0.00        0.00
         294   2663336.9    11012.74     9209.00     9209.00        0.00        0.00
         295   2676096.6    10998.26     9194.66     9194.66        0.00        0.00
         296   2688856.3    10983.70     9180.22     9180.22        0.00        0.00
         297   2701616.0    10969.05     9165.68     9165.68        0.00        0.00
         298   2714375.7    10954.32     9151.03     9151.03        0.00        0.00
         299   2727135.4    10939.50     9136.29     9136.29        0.00        0.00
         300   2739895.1    10924.59     9121.45     9121.45        0.00        0.00
         301   2752654.8    10909.60     9106.50     9106.50        0.00        0.00
         302   2765414.5    10894.52     9091.46     9091.46        0.00        0.00
         303   2778174.2    10879.35     9076.30     9076.30        0.00        0.00
         304   2790933.9    10864.10     9061.05     9061.05        0.00        0.00
         305   2803693.6    10848.76     9045.69     9045.69        0.00        0.00
         306   2816453.3    10833.33     9030.23     9030.23        0.00        0.00
         307   2829213.0    10817.81     9014.65     9014.65        0.00        0.00
         308   2841972.7    10802.21     8998.98     8998.98        0.00        0.00
         309   2854732.4    10786.51     8983.19     8983.19        0.00        0.00
         310   2867492.1    10770.73     8967.30     8967.30        0.00        0.00
         311   2880251.8    10754.86     8951.30     8951.30        0.00        0.00
         312   2893011.5    10738.90     8935.19     8935.19        0.00        0.00
         313   2905771.2    10722.85     8918.97     8918.97        0.00        0.00
         314   2918530.9    10706.71     8902.64     8902.64        0.00        0.00
         315   2931290.6    10690.48     8886.20     8886.20        0.00        0.00
         316   2944050.3    10674.16     8869.64     8869.64        0.00        0.00
         317   2956810.0    10657.75     8852.98     8852.98        0.00        0.00
         318   2969569.7    10641.24     8836.20     8836.20        0.00        0.00
         319   2982329.4    10624.65     8819.31     8819.31        0.00        0.00
         320   2995089.1    10607.96     8802.30     8802.30        0.00        0.00
         321   3007848.8    10591.19     8785.18     8785.18        0.00        0.00
         322   3020608.5    10574.32     8767.94     8767.94        0.00        0.00
         323   3033368.2    10557.36     8750.59     8750.59        0.00        0.00
         324   3046127.9    10540.30     8733.12     8733.12        0.00        0.00
         325   3058887.6    10523.16     8715.53     8715.53        0.00        0.00
         326   3071647.3    10505.92     8697.82     8697.82        0.00        0.00
         327   3084407.0    10488.58     8680.00     8680.00        0.00        0.00
         328   3097166.7    10471.15     8662.05     8662.05        0.00        0.00
         329   3109926.4    10453.63     8643.99     8643.99        0.00        0.00
         330   3122686.1    10436.02     8625.80     8625.80        0.00        0.00
         331   3135445.8    10418.31     8607.49     8607.49        0.00        0.00
         332   3148205.5    10400.51     8589.06     8589.06        0.00        0.00
         333   3160965.2    10382.61     8570.51     8570.51        0.00        0.00
         334   3173724.9    10364.61     8551.83     8551.83        0.00        0.00
         335   3186484.6    10346.52     8533.03     8533.03        0.00        0.00
         336   3199244.3    10328.34     8514.10     8514.10        0.00        0.00
         337   3212004.0    10310.05     8495.05     8495.05        0.00        0.00
         338   3224763.7    10291.68     8475.87     8475.87        0.00        0.00
         339   3237523.4    10273.20     8456.57     8456.57        0.00        0.00
         340   3250283.1    10254.63     8437.14     8437.14        0.00        0.00
         341   3263042.8    10235.96     8417.58     8417.58        0.00        0.00
         342   3275802.5    10217.20     8397.89     8397.89        0.00        0.00
         343   3288562.2    10198.33     8378.07     8378.07        0.00        0.00
         344   3301321.9    10179.37     8358.12     8358.12        0.00        0.00
         345   3314081.6    10160.31     8338.04     8338.04        0.00        0.00
         346   3326841.4    10141.15     8317.83     8317.83        0.00        0.00
         347   3339601.1    10121.90     8297.49     8297.49        0.00        0.00
         348   3352360.8    10102.54     8277.01     8277.01        0.00        0.00
         349   3365120.5    10083.09     8256.41     8256.41        0.00        0.00
         350   3377880.2    10063.53     8235.66     8235.66        0.00        0.00
         351   3390639.9    10043.88     8214.79     8214.79        0.00        0.00
         352   3403399.6    10024.12     8193.77     8193.77        0.00        0.00
         353   3416159.3    10004.27     8172.62     8172.62        0.00        0.00
         354   3428919.0     9984.32     8151.34     8151.34        0.00        0.00
         355   3441678.7     9964.26     8129.92     8129.92        0.00        0.00
         356   3454438.4     9944.10     8108.36     8108.36        0.00        0.00
         357   3467198.1     9923.84     8086.66     8086.66        0.00        0.00
         358   3479957.8     9903.48     8064.82     8064.82        0.00        0.00
         359   3479957.8     5566.45    13716.60    13716.60     7264.66     7264.66
         360   3489335.4     5561.75    13714.29    13714.29     7264.75     7264.75
         361   3498713.0     5557.05    13712.00    13712.00     7264.85     7264.85
         362   3508090.7     5552.36    13709.70    13709.70     7264.94     7264.94
         363   3517468.3     5547.66    13707.42    13707.42     7265.03     7265.03
         364   3526846.0     5542.97    13705.14    13705.14     7265.12     7265.12
         365   3536223.6     5538.28    13702.86    13702.86     7265.21     7265.21
         366   3545601.2     5533.59    13700.59    13700.59     7265.29     7265.29
         367   3554978.9     5528.90    13698.33    13698.33     7265.38     7265.38
         368   3564356.5     5524.21    13696.07    13696.07     7265.46     7265.46
         369   3573734.2     5519.53    13693.82    13693.82     7265.54     7265.54
         370   3583111.8     5514.85    13691.57    13691.57     7265.62     7265.62
         371   3592489.4     5510.16    13689.33    13689.33     7265.69     7265.69
         372   3601867.1     5505.48    13687.09    13687.09     7265.76     7265.76
         373   3611244.7     5500.81    13684.86    13684.86     7265.84     7265.84
         374   3620622.4     5496.13    13682.63    13682.63     7265.91     7265.91
         375   3630000.0     5491.45    13680.41    13680.41     7265.97     7265.97
         376   3630000.0     5491.45    13680.41    13680.41     7265.97     7265.97
         377   3639471.2     5486.73    13668.90    13668.90     7261.63     7261.63
         378   3648942.3     5482.01    13657.43    13657.43     7257.29     7257.29
         379   3658413.5     5477.29    13645.97    13645.97     7252.97     7252.97
         380   3667884.6     5472.57    13634.54    13634.54     7248.64     7248.64
         381   3677355.8     5467.85    13623.14    13623.14     7244.33     7244.33
         382   3686826.9     5463.13    13611.76    13611.76     7240.01     7240.01
         383   3696298.1     5458.42    13600.40    13600.40     7235.71     7235.71
         384   3705769.2     5453.70    13589.07    13589.07     7231.41     7231.41
         385   3715240.4     5448.99    13577.76    13577.76     7227.12     7227.12
         386   3724711.5     5444.27    13566.47    13566.47     7222.83     7222.83
         387   3734182.7     5439.56    13555.20    13555.20     7218.55     7218.55
         388   3743653.8     5434.85    13543.95    13543.95     7214.27     7214.27
         389   3753125.0     5430.13    13532.72    13532.72     7210.00     7210.00
         390   3762596.2     5425.42    13521.51    13521.51     7205.73     7205.73
         391   3772067.3     5420.71    13510.32    13510.32     7201.47     7201.47
         392   3781538.5     5416.00    13499.14    13499.14     7197.21     7197.21
         393   3791009.6     5411.29    13487.99    13487.99     7192.95     7192.95
         394   3800480.8     5406.57    13476.85    13476.85     7188.70     7188.70
         395   3809951.9     5401.86    13465.73    13465.73     7184.45     7184.45
         396   3819423.1     5397.15    13454.63    13454.63     7180.21     7180.21
         397   3828894.2     5392.44    13443.54    13443.54     7175.97     7175.97
         398   3838365.4     5387.73    13432.46    13432.46     7171.73     7171.73
         399   3847836.5     5383.02    13421.41    13421.41     7167.50     7167.50
         400   3857307.7     5378.30    13410.36    13410.36     7163.27     7163.27
         401   3866778.8     5373.59    13399.33    13399.33     7159.04     7159.04
         402   3876250.0     5368.88    13388.31    13388.31     7154.81     7154.81
         403   3885721.2     5364.17    13377.31    13377.31     7150.59     7150.59
         404   3895192.3     5359.45    13366.31    13366.31     7146.37     7146.37
         405   3904663.5     5354.74    13355.33    13355.33     7142.15     7142.15
         406   3914134.6     5350.02    13344.36    13344.36     7137.93     7137.93
         407   3923605.8     5345.31    13333.40    13333.40     7133.71     7133.71
         408   3933076.9     5340.59    13322.45    13322.45     7129.50     7129.50
         409   3942548.1     5335.87    13311.51    13311.51     7125.29     7125.29
         410   3952019.2     5331.16    13300.58    13300.58     7121.07     7121.07
         411   3961490.4     5326.44    13289.66    13289.66     7116.86     7116.86
         412   3970961.5     5321.72    13278.74    13278.74     7112.65     7112.65
         413   3980432.7     5317.00    13267.84    13267.84     7108.44     7108.44
         414   3989903.8     5312.28    13256.93    13256.93     7104.23     7104.23
         415   3999375.0     5307.55    13246.04    13246.04     7100.02     7100.02
         416   4008846.2     5302.83    13235.15    13235.15     7095.81     7095.81
         417   4018317.3     5298.10    13224.27    13224.27     7091.60     7091.60
         418   4027788.5     5293.38    13213.39    13213.39     7087.39     7087.39
         419   4037259.6     5288.65    13202.51    13202.51     7083.18     7083.18
         420   4046730.8     5283.92    13191.64    13191.64     7078.96     7078.96
         421   4056201.9     5279.19    13180.78    13180.78     7074.75     7074.75
         422   4065673.1     5274.45    13169.91    13169.91     7070.54     7070.54
         423   4075144.2     5269.72    13159.05    13159.05     7066.32     7066.32
         424   4084615.4     5264.98    13148.19    13148.19     7062.10     7062.10
         425   4094086.5     5260.25    13137.33    13137.33     7057.88     7057.88
         426   4103557.7     5255.51    13126.47    13126.47     7053.66     7053.66
         427   4113028.8     5250.77    13115.61    13115.61     7049.44     7049.44
         428   4122500.0     5246.02    13104.75    13104.75     7045.22     7045.22
         429   4131971.2     5241.28    13093.89    13093.89     7040.99     7040.99
         430   4141442.3     5236.53    13083.02    13083.02     7036.76     7036.76
         431   4150913.5     5231.78    13072.16    13072.16     7032.52     7032.52
         432   4160384.6     5227.03    13061.29    13061.29     7028.29     7028.29
         433   4169855.8     5222.27    13050.42    13050.42     7024.05     7024.05
         434   4179326.9     5217.52    13039.55    13039.55     7019.81     7019.81
         435   4188798.1     5212.76    13028.67    13028.67     7015.56     7015.56
         436   4198269.2     5208.00    13017.78    13017.78     7011.31     7011.31
         437   4207740.4     5203.23    13006.90    13006.90     7007.06     7007.06
         438   4217211.5     5198.47    12996.00    12996.00     7002.80     7002.80
         439   4226682.7     5193.70    12985.10    12985.10     6998.54     6998.54
         440   4236153.8     5188.93    12974.19    12974.19     6994.27     6994.27
         441   4245625.0     5184.15    12963.28    12963.28     6990.00     6990.00
         442   4255096.2     5179.38    12952.36    12952.36     6985.72     6985.72
         443   4264567.3     5174.60    12941.42    12941.42     6981.44     6981.44
         444   4274038.5     5169.82    12930.48    12930.48     6977.15     6977.15
         445   4283509.6     5165.03    12919.54    12919.54     6972.86     6972.86
         446   4292980.8     5160.24    12908.58    12908.58     6968.57     6968.57
         447   4302451.9     5155.45    12897.61    12897.61     6964.26     6964.26
         448   4311923.1     5150.65    12886.63    12886.63     6959.95     6959.95
         449   4321394.2     5145.86    12875.63    12875.63     6955.64     6955.64
         450   4330865.4     5141.06    12864.63    12864.63     6951.32     6951.32
         451   4340336.5     5136.25    12853.61    12853.61     6946.99     6946.99
         452   4349807.7     5131.44    12842.58    12842.58     6942.66     6942.66
         453   4359278.8     5126.63    12831.54    12831.54     6938.31     6938.31
         454   4368750.0     5121.82    12820.48    12820.48     6933.97     6933.97
         455   4378221.2     5117.00    12809.41    12809.41     6929.61     6929.61
         456   4387692.3     5112.18    12798.32    12798.32     6925.25     6925.25
         457   4397163.5     5107.35    12787.22    12787.22     6920.88     6920.88
         458   4406634.6     5102.52    12776.10    12776.10     6916.50     6916.50
         459   4416105.8     5097.69    12764.96    12764.96     6912.11     6912.11
         460   4425576.9     5092.85    12753.81    12753.81     6907.72     6907.72
         461   4435048.1     5088.01    12742.63    12742.63     6903.32     6903.32
         462   4444519.2     5083.16    12731.44    12731.44     6898.91     6898.91
         463   4453990.4     5078.31    12720.24    12720.24     6894.49     6894.49
         464   4463461.5     5073.46    12709.01    12709.01     6890.06     6890.06
         465   4472932.7     5068.60    12697.76    12697.76     6885.62     6885.62
         466   4482403.8     5063.74    12686.49    12686.49     6881.17     6881.17
         467   4491875.0     5058.87    12675.20    12675.20     6876.72     6876.72
         468   4501346.2     5054.00    12663.89    12663.89     6872.25     6872.25
         469   4510817.3     5049.13    12652.56    12652.56     6867.78     6867.78
         470   4520288.5     5044.25    12641.20    12641.20     6863.29     6863.29
         471   4529759.6     5039.36    12629.82    12629.82     6858.80     6858.80
         472   4539230.8     5034.47    12618.42    12618.42     6854.29     6854.29
         473   4548701.9     5029.58    12606.99    12606.99     6849.78     6849.78
         474   4558173.1     5024.68    12595.54    12595.54     6845.25     6845.25
         475   4567644.2     5019.78    12584.06    12584.06     6840.71     6840.71
         476   4577115.4     5014.87    12572.56    12572.56     6836.16     6836.16
         477   4586586.5     5009.96    12561.03    12561.03     6831.60     6831.60
         478   4596057.7     5005.04    12549.48    12549.48     6827.03     6827.03
         479   4605528.8     5000.12    12537.89    12537.89     6822.45     6822.45
         480   4615000.0     4995.19    12526.28    12526.28     6817.85     6817.85
         481   4624471.2     4990.26    12514.64    12514.64     6813.25     6813.25
         482   4633942.3     4985.32    12502.98    12502.98     6808.63     6808.63
         483   4643413.5     4980.38    12491.28    12491.28     6804.00     6804.00
         484   4652884.6     4975.43    12479.55    12479.55     6799.35     6799.35
         485   4662355.8     4970.47    12467.79    12467.79     6794.70     6794.70
         486   4671826.9     4965.51    12456.01    12456.01     6790.03     6790.03
         487   4681298.1     4960.55    12444.19    12444.19     6785.34     6785.34
         488   4690769.2     4955.58    12432.33    12432.33     6780.65     6780.65
         489   4700240.4     4950.60    12420.45    12420.45     6775.94     6775.94
         490   4709711.5     4945.62    12408.53    12408.53     6771.22     6771.22
         491   4719182.7     4940.63    12396.58    12396.58     6766.48     6766.48
         492   4728653.8     4935.64    12384.60    12384.60     6761.73     6761.73
         493   4738125.0     4930.64    12372.58    12372.58     6756.97     6756.97
         494   4747596.2     4925.63    12360.52    12360.52     6752.19     6752.19
         495   4757067.3     4920.62    12348.43    12348.43     6747.40     6747.40
         496   4766538.5     4915.60    12336.30    12336.30     6742.59     6742.59
         497   4776009.6     4910.58    12324.14    12324.14     6737.76     6737.76
         498   4785480.8     4905.55    12311.94    12311.94     6732.93     6732.93
         499   4794951.9     4900.51    12299.70    12299.70     6728.07     6728.07
         500   4804423.1     4895.47    12287.42    12287.42     6723.21     6723.21
         501   4813894.2     4890.42    12275.11    12275.11     6718.32     6718.32
         502   4823365.4     4885.37    12262.75    12262.75     6713.42     6713.42
         503   4832836.5     4880.31    12250.35    12250.35     6708.51     6708.51
         504   4842307.7     4875.24    12237.92    12237.92     6703.57     6703.57
         505   4851778.8     4870.16    12225.44    12225.44     6698.62     6698.62
         506   4861250.0     4865.08    12212.92    12212.92     6693.66     6693.66
         507   4870721.2     4859.99    12200.36    12200.36     6688.68     6688.68
         508   4880192.3     4854.90    12187.76    12187.76     6683.68     6683.68
         509   4889663.5     4849.80    12175.11    12175.11     6678.66     6678.66
         510   4899134.6     4844.69    12162.43    12162.43     6673.63     6673.63
         511   4908605.8     4839.57    12149.69    12149.69     6668.58     6668.58
         512   4918076.9     4834.45    12136.91    12136.91     6663.51     6663.51
         513   4927548.1     4829.32    12124.09    12124.09     6658.43     6658.43
         514   4937019.2     4824.18    12111.22    12111.22     6653.32     6653.32
         515   4946490.4     4819.04    12098.31    12098.31     6648.20     6648.20
         516   4955961.5     4813.88    12085.34    12085.34     6643.06     6643.06
         517   4965432.7     4808.73    12072.34    12072.34     6637.90     6637.90
         518   4974903.8     4803.56    12059.28    12059.28     6632.73     6632.73
         519   4984375.0     4798.39    12046.17    12046.17     6627.53     6627.53
         520   4993846.2     4793.20    12033.02    12033.02     6622.31     6622.31
         521   5003317.3     4788.02    12019.82    12019.82     6617.08     6617.08
         522   5012788.5     4782.82    12006.56    12006.56     6611.82     6611.82
         523   5022259.6     4777.61    11993.26    11993.26     6606.55     6606.55
         524   5031730.8     4772.40    11979.90    11979.90     6601.26     6601.26
         525   5041201.9     4767.18    11966.50    11966.50     6595.94     6595.94
         526   5050673.1     4761.95    11953.04    11953.04     6590.61     6590.61
         527   5060144.2     4756.72    11939.53    11939.53     6585.26     6585.26
         528   5069615.4     4751.47    11925.97    11925.97     6579.88     6579.88
         529   5079086.5     4746.22    11912.35    11912.35     6574.49     6574.49
         530   5088557.7     4740.96    11898.68    11898.68     6569.07     6569.07
         531   5098028.8     4735.69    11884.95    11884.95     6563.63     6563.63
         532   5107500.0     4730.42    11871.17    11871.17     6558.17     6558.17
         533   5116971.2     4725.13    11857.34    11857.34     6552.69     6552.69
         534   5126442.3     4719.84    11843.44    11843.44     6547.19     6547.19
         535   5135913.5     4714.54    11829.49    11829.49     6541.67     6541.67
         536   5145384.6     4709.23    11815.49    11815.49     6536.12     6536.12
         537   5154855.8     4703.91    11801.42    11801.42     6530.55     6530.55
         538   5164326.9     4698.58    11787.30    11787.30     6524.96     6524.96
         539   5173798.1     4693.25    11773.12    11773.12     6519.35     6519.35
         540   5183269.2     4687.90    11758.88    11758.88     6513.71     6513.71
         541   5192740.4     4682.55    11744.58    11744.58     6508.06     6508.06
         542   5202211.5     4677.19    11730.22    11730.22     6502.37     6502.37
         543   5211682.7     4671.82    11715.79    11715.79     6496.67     6496.67
         544   5221153.8     4666.44    11701.31    11701.31     6490.94     6490.94
         545   5230625.0     4661.05    11686.76    11686.76     6485.19     6485.19
         546   5240096.2     4655.65    11672.16    11672.16     6479.41     6479.41
         547   5249567.3     4650.24    11657.49    11657.49     6473.61     6473.61
         548   5259038.5     4644.82    11642.75    11642.75     6467.79     6467.79
         549   5268509.6     4639.40    11627.95    11627.95     6461.94     6461.94
         550   5277980.8     4633.96    11613.09    11613.09     6456.07     6456.07
         551   5287451.9     4628.52    11598.16    11598.16     6450.17     6450.17
         552   5296923.1     4623.06    11583.17    11583.17     6444.25     6444.25
         553   5306394.2     4617.60    11568.11    11568.11     6438.30     6438.30
         554   5315865.4     4612.13    11552.98    11552.98     6432.33     6432.33
         555   5325336.5     4606.64    11537.79    11537.79     6426.33     6426.33
         556   5334807.7     4601.15    11522.53    11522.53     6420.30     6420.30
         557   5344278.8     4595.65    11507.20    11507.20     6414.25     6414.25
         558   5353750.0     4590.14    11491.80    11491.80     6408.18     6408.18
         559   5363221.2     4584.61    11476.33    11476.33     6402.07     6402.07
         560   5372692.3     4579.08    11460.79    11460.79     6395.95     6395.95
         561   5382163.5     4573.54    11445.18    11445.18     6389.79     6389.79
         562   5391634.6     4567.99    11429.50    11429.50     6383.61     6383.61
         563   5401105.8     4562.42    11413.75    11413.75     6377.40     6377.40
         564   5410576.9     4556.85    11397.93    11397.93     6371.16     6371.16
         565   5420048.1     4551.27    11382.04    11382.04     6364.90     6364.90
         566   5429519.2     4545.68    11366.07    11366.07     6358.61     6358.61
         567   5438990.4     4540.07    11350.03    11350.03     6352.29     6352.29
         568   5448461.5     4534.46    11333.91    11333.91     6345.94     6345.94
         569   5457932.7     4528.83    11317.72    11317.72     6339.57     6339.57
         570   5467403.8     4523.20    11301.46    11301.46     6333.17     6333.17
         571   5476875.0     4517.55    11285.12    11285.12     6326.73     6326.73
         572   5486346.2     4511.90    11268.70    11268.70     6320.27     6320.27
         573   5495817.3     4506.23    11252.21    11252.21     6313.79     6313.79
         574   5505288.5     4500.55    11235.64    11235.64     6307.27     6307.27
         575   5514759.6     4494.86    11218.99    11218.99     6300.72     6300.72
         576   5524230.8     4489.16    11202.26    11202.26     6294.15     6294.15
         577   5533701.9     4483.45    11185.46    11185.46     6287.54     6287.54
         578   5543173.1     4477.73    11168.57    11168.57     6280.90     6280.90
         579   5552644.2     4472.00    11151.61    11151.61     6274.24     6274.24
         580   5562115.4     4466.25    11134.56    11134.56     6267.54     6267.54
         581   5571586.5     4460.50    11117.44    11117.44     6260.82     6260.82
         582   5581057.7     4454.73    11100.23    11100.23     6254.06     6254.06
         583   5590528.8     4448.95    11082.94    11082.94     6247.28     6247.28
         584   5600000.0     4443.17    11065.57    11065.57     6240.46     6240.46
         585   5600000.0     4443.17    11065.56    11065.56     6240.46     6240.46
         586   5606312.5     4439.30    11045.94    11045.94     6221.99     6221.99
         587   5612625.0     4435.43    11026.31    11026.31     6203.52     6203.52
         588   5618937.5     4431.56    11006.68    11006.68     6185.05     6185.05
         589   5625250.0     4427.67    10987.05    10987.05     6166.58     6166.58
         590   5631562.5     4423.79    10967.42    10967.42     6148.12     6148.12
         591   5637875.0     4419.90    10947.78    10947.78     6129.65     6129.65
         592   5644187.5     4416.00    10928.14    10928.14     6111.18     6111.18
         593   5650500.0     4412.10    10908.50    10908.50     6092.72     6092.72
         594   5656812.5     4408.20    10888.85    10888.85     6074.26     6074.26
         595   5663125.0     4404.28    10869.21    10869.21     6055.80     6055.80
         596   5669437.5     4400.37    10849.56    10849.56     6037.34     6037.34
         597   5675750.0     4396.44    10829.91    10829.91     6018.88     6018.88
         598   5682062.5     4392.52    10810.25    10810.25     6000.42     6000.42
         599   5688375.0     4388.58    10790.60    10790.60     5981.96     5981.96
         600   5694687.5     4384.65    10770.94    10770.94     5963.50     5963.50
         601   5701000.0     4380.70    10751.28    10751.28     5945.05     5945.05
         602   5701000.0     3992.14    10266.24    10266.24     5570.21     5570.21
         603   5706000.0     3990.97    10258.49    10258.49     5566.34     5566.34
         604   5711000.0     3989.81    10250.75    10250.75     5562.47     5562.47
         605   5716000.0     3988.64    10243.00    10243.00     5558.60     5558.60
         606   5721000.0     3987.48    10235.26    10235.26     5554.72     5554.72
         607   5726000.0     3986.32    10227.52    10227.52     5550.85     5550.85
         608   5731000.0     3985.15    10219.77    10219.77     5546.98     5546.98
         609   5736000.0     3983.99    10212.03    10212.03     5543.11     5543.11
         610   5741000.0     3982.82    10204.28    10204.28     5539.24     5539.24
         611   5746000.0     3981.66    10196.54    10196.54     5535.37     5535.37
         612   5751000.0     3980.49    10188.80    10188.80     5531.50     5531.50
         613   5756000.0     3979.33    10181.05    10181.05     5527.63     5527.63
         614   5761000.0     3978.17    10173.31    10173.31     5523.76     5523.76
         615   5766000.0     3977.00    10165.57    10165.57     5519.89     5519.89
         616   5771000.0     3975.84    10157.82    10157.82     5516.02     5516.02
         617   5771000.0     3975.84    10157.83    10157.83     5516.00     5516.00
         618   5777666.7     3967.44    10123.70    10123.70     5496.56     5496.56
         619   5784333.3     3959.03    10089.57    10089.57     5477.11     5477.11
         620   5791000.0     3950.63    10055.44    10055.44     5457.66     5457.66
         621   5797666.7     3942.23    10021.31    10021.31     5438.21     5438.21
         622   5804333.3     3933.83     9987.18     9987.18     5418.76     5418.76
         623   5811000.0     3925.42     9953.05     9953.05     5399.31     5399.31
         624   5817666.7     3917.02     9918.92     9918.92     5379.87     5379.87
         625   5824333.3     3908.62     9884.79     9884.79     5360.42     5360.42
         626   5831000.0     3900.22     9850.66     9850.66     5340.97     5340.97
         627   5837666.7     3891.81     9816.53     9816.53     5321.52     5321.52
         628   5844333.3     3883.41     9782.40     9782.40     5302.07     5302.07
         629   5851000.0     3875.01     9748.27     9748.27     5282.63     5282.63
         630   5857666.7     3866.61     9714.14     9714.14     5263.18     5263.18
         631   5864333.3     3858.20     9680.01     9680.01     5243.73     5243.73
         632   5871000.0     3849.80     9645.88     9645.88     5224.28     5224.28
         633   5877666.7     3841.40     9611.75     9611.75     5204.83     5204.83
         634   5884333.3     3833.00     9577.62     9577.62     5185.39     5185.39
         635   5891000.0     3824.59     9543.48     9543.48     5165.94     5165.94
         636   5897666.7     3816.19     9509.35     9509.35     5146.49     5146.49
         637   5904333.3     3807.79     9475.22     9475.22     5127.04     5127.04
         638   5911000.0     3799.39     9441.09     9441.09     5107.59     5107.59
         639   5917666.7     3790.98     9406.96     9406.96     5088.15     5088.15
         640   5924333.3     3782.58     9372.83     9372.83     5068.70     5068.70
         641   5931000.0     3774.18     9338.70     9338.70     5049.25     5049.25
         642   5937666.7     3765.78     9304.57     9304.57     5029.80     5029.80
         643   5944333.3     3757.37     9270.44     9270.44     5010.35     5010.35
         644   5951000.0     3748.97     9236.31     9236.31     4990.91     4990.91
         645   5957666.7     3740.57     9202.18     9202.18     4971.46     4971.46
         646   5964333.3     3732.17     9168.05     9168.05     4952.01     4952.01
         647   5971000.0     3723.76     9133.92     9133.92     4932.56     4932.56
         648   5971000.0     3543.26     8905.24     8905.24     4769.90     4769.90
         649   5977000.0     3539.68     8893.70     8893.70     4765.70     4765.70
         650   5983000.0     3536.09     8882.15     8882.15     4761.50     4761.50
         651   5989000.0     3532.51     8870.61     8870.61     4757.30     4757.30
         652   5995000.0     3528.93     8859.07     8859.07     4753.10     4753.10
         653   6001000.0     3525.34     8847.52     8847.52     4748.90     4748.90
         654   6007000.0     3521.76     8835.98     8835.98     4744.70     4744.70
         655   6013000.0     3518.18     8824.44     8824.44     4740.50     4740.50
         656   6019000.0     3514.59     8812.89     8812.89     4736.30     4736.30
         657   6025000.0     3511.01     8801.35     8801.35     4732.10     4732.10
         658   6031000.0     3507.43     8789.81     8789.81     4727.90     4727.90
         659   6037000.0     3503.85     8778.26     8778.26     4723.70     4723.70
         660   6043000.0     3500.26     8766.72     8766.72     4719.50     4719.50
         661   6049000.0     3496.68     8755.18     8755.18     4715.30     4715.30
         662   6055000.0     3493.10     8743.64     8743.64     4711.10     4711.10
         663   6061000.0     3489.51     8732.09     8732.09     4706.90     4706.90
         664   6067000.0     3485.93     8720.55     8720.55     4702.70     4702.70
         665   6073000.0     3482.35     8709.01     8709.01     4698.50     4698.50
         666   6079000.0     3478.77     8697.46     8697.46     4694.30     4694.30
         667   6085000.0     3475.18     8685.92     8685.92     4690.10     4690.10
         668   6091000.0     3471.60     8674.38     8674.38     4685.90     4685.90
         669   6097000.0     3468.02     8662.83     8662.83     4681.70     4681.70
         670   6103000.0     3464.43     8651.29     8651.29     4677.50     4677.50
         671   6109000.0     3460.85     8639.75     8639.75     4673.30     4673.30
         672   6115000.0     3457.27     8628.20     8628.20     4669.10     4669.10
         673   6121000.0     3453.68     8616.66     8616.66     4664.90     4664.90
         674   6127000.0     3450.10     8605.12     8605.12     4660.70     4660.70
         675   6133000.0     3446.52     8593.57     8593.57     4656.50     4656.50
         676   6139000.0     3442.94     8582.03     8582.03     4652.30     4652.30
         677   6145000.0     3439.35     8570.49     8570.49     4648.10     4648.10
         678   6151000.0     3435.77     8558.95     8558.95     4643.90     4643.90
         679   6151000.0     3359.49     7989.71     7989.71     4418.92     4418.92
         680   6157087.0     3360.16     7993.47     7993.47     4421.16     4421.16
         681   6163173.9     3360.82     7997.23     7997.23     4423.40     4423.40
         682   6169260.9     3361.48     8001.00     8001.00     4425.65     4425.65
         683   6175347.8     3362.14     8004.76     8004.76     4427.89     4427.89
         684   6181434.8     3362.80     8008.52     8008.52     4430.13     4430.13
         685   6187521.7     3363.46     8012.28     8012.28     4432.38     4432.38
         686   6193608.7     3364.13     8016.05     8016.05     4434.62     4434.62
         687   6199695.7     3364.79     8019.81     8019.81     4436.86     4436.86
         688   6205782.6     3365.45     8023.57     8023.57     4439.11     4439.11
         689   6211869.6     3366.11     8027.33     8027.33     4441.35     4441.35
         690   6217956.5     3366.77     8031.10     8031.10     4443.59     4443.59
         691   6224043.5     3367.43     8034.86     8034.86     4445.84     4445.84
         692   6230130.4     3368.10     8038.62     8038.62     4448.08     4448.08
         693   6236217.4     3368.76     8042.38     8042.38     4450.32     4450.32
         694   6242304.3     3369.42     8046.15     8046.15     4452.57     4452.57
         695   6248391.3     3370.08     8049.91     8049.91     4454.81     4454.81
         696   6254478.3     3370.74     8053.67     8053.67     4457.05     4457.05
         697   6260565.2     3371.40     8057.44     8057.44     4459.30     4459.30
         698   6266652.2     3372.06     8061.20     8061.20     4461.54     4461.54
         699   6272739.1     3372.73     8064.96     8064.96     4463.78     4463.78
         700   6278826.1     3373.39     8068.72     8068.72     4466.03     4466.03
         701   6284913.0     3374.05     8072.49     8072.49     4468.27     4468.27
         702   6291000.0     3374.71     8076.25     8076.25     4470.52     4470.52
         703   6291000.0     3374.71     8076.25     8076.25     4470.52     4470.52
         704   6294973.5     3375.14     8078.70     8078.70     4471.98     4471.98
         705   6298947.0     3375.57     8081.16     8081.16     4473.44     4473.44
         706   6302920.5     3376.01     8083.62     8083.62     4474.91     4474.91
         707   6306894.0     3376.44     8086.07     8086.07     4476.37     4476.37
         708   6310867.5     3376.87     8088.53     8088.53     4477.84     4477.84
         709   6314841.0     3377.30     8090.99     8090.99     4479.30     4479.30
         710   6318814.5     3377.73     8093.44     8093.44     4480.77     4480.77
         711   6322787.9     3378.17     8095.90     8095.90     4482.23     4482.23
         712   6326761.4     3378.60     8098.35     8098.35     4483.70     4483.70
         713   6330734.9     3379.03     8100.81     8100.81     4485.16     4485.16
         714   6334708.4     3379.46     8103.27     8103.27     4486.62     4486.62
         715   6338681.9     3379.89     8105.72     8105.72     4488.09     4488.09
         716   6342655.4     3380.32     8108.18     8108.18     4489.55     4489.55
         717   6346628.9     3380.76     8110.64     8110.64     4491.02     4491.02
         718   6346628.9     2900.00     6800.00     6800.00     3900.00     3900.00
         719   6347566.0     2900.00     6800.00     6800.00     3900.00     3900.00
         720   6348503.1     2900.00     6800.00     6800.00     3900.00     3900.00
         721   6349440.2     2900.00     6800.00     6800.00     3900.00     3900.00
         722   6350377.3     2900.00     6800.00     6800.00     3900.00     3900.00
         723   6351314.5     2900.00     6800.00     6800.00     3900.00     3900.00
         724   6352251.6     2900.00     6800.00     6800.00     3900.00     3900.00
         725   6353188.7     2900.00     6800.00     6800.00     3900.00     3900.00
         726   6354125.8     2900.00     6800.00     6800.00     3900.00     3900.00
         727   6355062.9     2900.00     6800.00     6800.00     3900.00     3900.00
         728   6356000.0     2900.00     6800.00     6800.00     3900.00     3900.00
         729   6356000.0     2600.00     5800.00     5800.00     3200.00     3200.00
         730   6357200.0     2600.00     5800.00     5800.00     3200.00     3200.00
         731   6358400.0     2600.00     5800.00     5800.00     3200.00     3200.00
         732   6359600.0     2600.00     5800.00     5800.00     3200.00     3200.00
         733   6360800.0     2600.00     5800.00     5800.00     3200.00     3200.00
         734   6362000.0     2600.00     5800.00     5800.00     3200.00     3200.00
         735   6363200.0     2600.00     5800.00     5800.00     3200.00     3200.00
         736   6364400.0     2600.00     5800.00     5800.00     3200.00     3200.00
         737   6365600.0     2600.00     5800.00     5800.00     3200.00     3200.00
         738   6366800.0     2600.00     5800.00     5800.00     3200.00     3200.00
         739   6368000.0     2600.00     5800.00     5800.00     3200.00     3200.00
         740   6368000.0     2600.00     5800.00     5800.00     3200.00     3200.00
         741   6368300.0     2600.00     5800.00     5800.00     3200.00     3200.00
         742   6368600.0     2600.00     5800.00     5800.00     3200.00     3200.00
         743   6368900.0     2600.00     5800.00     5800.00     3200.00     3200.00
         744   6369200.0     2600.00     5800.00     5800.00     3200.00     3200.00
         745   6369500.0     2600.00     5800.00     5800.00     3200.00     3200.00
         746   6369800.0     2600.00     5800.00     5800.00     3200.00     3200.00
         747   6370100.0     2600.00     5800.00     5800.00     3200.00     3200.00
         748   6370400.0     2600.00     5800.00     5800.00     3200.00     3200.00
         749   6370700.0     2600.00     5800.00     5800.00     3200.00     3200.00
         750   6371000.0     2600.00     5800.00     5800.00     3200.00     3200.00
