           0           1           0           0
           1           1           1           0
           2           1           2           0
           3           1           3           0
           4           1           4           0
           5           1           0           1
           6           1           1           1
           7           1           2           1
           8           1           3           1
           9           1           4           1
          10           1           0           2
          11           1           1           2
          12           1           2           2
          13           1           3           2
          14           1           4           2
          15           1           0           3
          16           1           1           3
          17           1           2           3
          18           1           3           3
          19           1           4           3
          20           1           0           4
          21           1           1           4
          22           1           2           4
          23           1           3           4
          24           1           4           4
          25           2           0           0
          26           2           1           0
          27           2           2           0
          28           2           3           0
          29           2           4           0
          30           2           0           1
          31           2           1           1
          32           2           2           1
          33           2           3           1
          34           2           4           1
          35           2           0           2
          36           2           1           2
          37           2           2           2
          38           2           3           2
          39           2           4           2
          40           2           0           3
          41           2           1           3
          42           2           2           3
          43           2           3           3
          44           2           4           3
          45           2           0           4
          46           2           1           4
          47           2           2           4
          48           2           3           4
          49           2           4           4
          50           3           0           0
          51           3           1           0
          52           3           2           0
          53           3           3           0
          54           3           4           0
          55           3           0           1
          56           3           1           1
          57           3           2           1
          58           3           3           1
          59           3           4           1
          60           3           0           2
          61           3           1           2
          62           3           2           2
          63           3           3           2
          64           3           4           2
          65           3           0           3
          66           3           1           3
          67           3           2           3
          68           3           3           3
          69           3           4           3
          70           3           0           4
          71           3           1           4
          72           3           2           4
          73           3           3           4
          74           3           4           4
          75           4           0           0
          76           4           1           0
          77           4           2           0
          78           4           3           0
          79           4           4           0
          80           4           0           1
          81           4           1           1
          82           4           2           1
          83           4           3           1
          84           4           4           1
          85           4           0           2
          86           4           1           2
          87           4           2           2
          88           4           3           2
          89           4           4           2
          90           4           0           3
          91           4           1           3
          92           4           2           3
          93           4           3           3
          94           4           4           3
          95           4           0           4
          96           4           1           4
          97           4           2           4
          98           4           3           4
          99           4           4           4
         100           5           0           0
         101           5           1           0
         102           5           2           0
         103           5           3           0
         104           5           4           0
         105           5           0           1
         106           5           1           1
         107           5           2           1
         108           5           3           1
         109           5           4           1
         110           5           0           2
         111           5           1           2
         112           5           2           2
         113           5           3           2
         114           5           4           2
         115           5           0           3
         116           5           1           3
         117           5           2           3
         118           5           3           3
         119           5           4           3
         120           5           0           4
         121           5           1           4
         122           5           2           4
         123           5           3           4
         124           5           4           4
         125           6           0           0
         126           6           1           0
         127           6           2           0
         128           6           3           0
         129           6           4           0
         130           6           0           1
         131           6           1           1
         132           6           2           1
         133           6           3           1
         134           6           4           1
         135           6           0           2
         136           6           1           2
         137           6           2           2
         138           6           3           2
         139           6           4           2
         140           6           0           3
         141           6           1           3
         142           6           2           3
         143           6           3           3
         144           6           4           3
         145           6           0           4
         146           6           1           4
         147           6           2           4
         148           6           3           4
         149           6           4           4
