  0.0000000E+00  0.0000000E+00
  1.2512512E-04  2.2125397E-14
  2.5025025E-04  4.4250783E-14
  3.7537538E-04  6.6376151E-14
  5.0050049E-04  8.8501479E-14
  6.2562560E-04  1.1062677E-13
  7.5075077E-04  1.3275199E-13
  8.7587588E-04  1.5487716E-13
  1.0010010E-03  1.7700225E-13
  1.1261262E-03  1.9912724E-13
  1.2512512E-03  2.2125215E-13
  1.3763764E-03  2.4337693E-13
  1.5015015E-03  2.6550160E-13
  1.6266266E-03  2.8762612E-13
  1.7517518E-03  3.0975052E-13
  1.8768769E-03  3.3187475E-13
  2.0020020E-03  3.5399881E-13
  2.1271270E-03  3.7612272E-13
  2.2522523E-03  3.9824640E-13
  2.3773774E-03  4.2036990E-13
  2.5025024E-03  4.4249321E-13
  2.6276277E-03  4.6461625E-13
  2.7527527E-03  4.8673912E-13
  2.8778778E-03  5.0886172E-13
  3.0030031E-03  5.3098406E-13
  3.1281281E-03  5.5310612E-13
  3.2532532E-03  5.7522791E-13
  3.3783785E-03  5.9734943E-13
  3.5035035E-03  6.1947062E-13
  3.6286286E-03  6.4159149E-13
  3.7537538E-03  6.6371209E-13
  3.8788789E-03  6.8583230E-13
  4.0040039E-03  7.0795220E-13
  4.1291290E-03  7.3007176E-13
  4.2542540E-03  7.5219095E-13
  4.3793796E-03  7.7430976E-13
  4.5045046E-03  7.9642814E-13
  4.6296297E-03  8.1854619E-13
  4.7547547E-03  8.4066375E-13
  4.8798798E-03  8.6278093E-13
  5.0050048E-03  8.8489768E-13
  5.1301303E-03  9.0701399E-13
  5.2552554E-03  9.2912982E-13
  5.3803804E-03  9.5124527E-13
  5.5055055E-03  9.7336017E-13
  5.6306305E-03  9.9547454E-13
  5.7557556E-03  1.0175885E-12
  5.8808811E-03  1.0397019E-12
  6.0060062E-03  1.0618148E-12
  6.1311312E-03  1.0839271E-12
  6.2562563E-03  1.1060390E-12
  6.3813813E-03  1.1281502E-12
  6.5065064E-03  1.1502609E-12
  6.6316314E-03  1.1723710E-12
  6.7567569E-03  1.1944806E-12
  6.8818820E-03  1.2165895E-12
  7.0070070E-03  1.2386978E-12
  7.1321321E-03  1.2608055E-12
  7.2572571E-03  1.2829126E-12
  7.3823822E-03  1.3050190E-12
  7.5075077E-03  1.3271248E-12
  7.6326327E-03  1.3492299E-12
  7.7577578E-03  1.3713344E-12
  7.8828828E-03  1.3934381E-12
  8.0080079E-03  1.4155412E-12
  8.1331329E-03  1.4376435E-12
  8.2582580E-03  1.4597451E-12
  8.3833830E-03  1.4818460E-12
  8.5085081E-03  1.5039462E-12
  8.6336341E-03  1.5260456E-12
  8.7587591E-03  1.5481441E-12
  8.8838842E-03  1.5702420E-12
  9.0090092E-03  1.5923390E-12
  9.1341343E-03  1.6144354E-12
  9.2592593E-03  1.6365308E-12
  9.3843844E-03  1.6586254E-12
  9.5095094E-03  1.6807193E-12
  9.6346345E-03  1.7028122E-12
  9.7597595E-03  1.7249043E-12
  9.8848846E-03  1.7469956E-12
  1.0010010E-02  1.7690859E-12
  1.0135135E-02  1.7911754E-12
  1.0260261E-02  1.8132639E-12
  1.0385386E-02  1.8353517E-12
  1.0510511E-02  1.8574385E-12
  1.0635636E-02  1.8795243E-12
  1.0760761E-02  1.9016091E-12
  1.0885886E-02  1.9236930E-12
  1.1011011E-02  1.9457760E-12
  1.1136136E-02  1.9678580E-12
  1.1261261E-02  1.9899390E-12
  1.1386386E-02  2.0120190E-12
  1.1511511E-02  2.0340982E-12
  1.1636636E-02  2.0561760E-12
  1.1761762E-02  2.0782529E-12
  1.1886887E-02  2.1003288E-12
  1.2012012E-02  2.1224038E-12
  1.2137137E-02  2.1444775E-12
  1.2262262E-02  2.1665504E-12
  1.2387387E-02  2.1886219E-12
  1.2512513E-02  2.2106926E-12
  1.2637638E-02  2.2327619E-12
  1.2762763E-02  2.2548302E-12
  1.2887888E-02  2.2768974E-12
  1.3013013E-02  2.2989635E-12
  1.3138138E-02  2.3210284E-12
  1.3263263E-02  2.3430921E-12
  1.3388389E-02  2.3651547E-12
  1.3513514E-02  2.3872161E-12
  1.3638639E-02  2.4092761E-12
  1.3763764E-02  2.4313351E-12
  1.3888889E-02  2.4533930E-12
  1.4014014E-02  2.4754495E-12
  1.4139139E-02  2.4975048E-12
  1.4264264E-02  2.5195588E-12
  1.4389389E-02  2.5416115E-12
  1.4514514E-02  2.5636630E-12
  1.4639639E-02  2.5857133E-12
  1.4764764E-02  2.6077621E-12
  1.4889890E-02  2.6298098E-12
  1.5015015E-02  2.6518562E-12
  1.5140140E-02  2.6739010E-12
  1.5265265E-02  2.6959446E-12
  1.5390391E-02  2.7179869E-12
  1.5515516E-02  2.7400278E-12
  1.5640641E-02  2.7620675E-12
  1.5765766E-02  2.7841056E-12
  1.5890891E-02  2.8061423E-12
  1.6016016E-02  2.8281778E-12
  1.6141141E-02  2.8502116E-12
  1.6266266E-02  2.8722441E-12
  1.6391391E-02  2.8942753E-12
  1.6516516E-02  2.9163050E-12
  1.6641641E-02  2.9383332E-12
  1.6766766E-02  2.9603598E-12
  1.6891891E-02  2.9823850E-12
  1.7017016E-02  3.0044088E-12
  1.7142141E-02  3.0264309E-12
  1.7267268E-02  3.0484517E-12
  1.7392393E-02  3.0704707E-12
  1.7517518E-02  3.0924885E-12
  1.7642643E-02  3.1145045E-12
  1.7767768E-02  3.1365190E-12
  1.7892893E-02  3.1585320E-12
  1.8018018E-02  3.1805435E-12
  1.8143144E-02  3.2025532E-12
  1.8268269E-02  3.2245615E-12
  1.8393394E-02  3.2465679E-12
  1.8518519E-02  3.2685729E-12
  1.8643644E-02  3.2905764E-12
  1.8768769E-02  3.3125779E-12
  1.8893894E-02  3.3345781E-12
  1.9019019E-02  3.3565763E-12
  1.9144144E-02  3.3785730E-12
  1.9269269E-02  3.4005678E-12
  1.9394394E-02  3.4225613E-12
  1.9519519E-02  3.4445528E-12
  1.9644644E-02  3.4665426E-12
  1.9769769E-02  3.4885306E-12
  1.9894894E-02  3.5105170E-12
  2.0020019E-02  3.5325015E-12
  2.0145144E-02  3.5544844E-12
  2.0270269E-02  3.5764655E-12
  2.0395396E-02  3.5984447E-12
  2.0520521E-02  3.6204221E-12
  2.0645646E-02  3.6423976E-12
  2.0770771E-02  3.6643718E-12
  2.0895896E-02  3.6863438E-12
  2.1021022E-02  3.7083136E-12
  2.1146147E-02  3.7302821E-12
  2.1271272E-02  3.7522485E-12
  2.1396397E-02  3.7742131E-12
  2.1521522E-02  3.7961756E-12
  2.1646647E-02  3.8181363E-12
  2.1771772E-02  3.8400953E-12
  2.1896897E-02  3.8620522E-12
  2.2022022E-02  3.8840073E-12
  2.2147147E-02  3.9059602E-12
  2.2272272E-02  3.9279114E-12
  2.2397397E-02  3.9498604E-12
  2.2522522E-02  3.9718077E-12
  2.2647647E-02  3.9937528E-12
  2.2772772E-02  4.0156958E-12
  2.2897897E-02  4.0376370E-12
  2.3023022E-02  4.0595760E-12
  2.3148147E-02  4.0815133E-12
  2.3273272E-02  4.1034485E-12
  2.3398397E-02  4.1253815E-12
  2.3523524E-02  4.1473123E-12
  2.3648649E-02  4.1692409E-12
  2.3773775E-02  4.1911678E-12
  2.3898900E-02  4.2130925E-12
  2.4024025E-02  4.2350151E-12
  2.4149150E-02  4.2569355E-12
  2.4274275E-02  4.2788537E-12
  2.4399400E-02  4.3007702E-12
  2.4524525E-02  4.3226841E-12
  2.4649650E-02  4.3445959E-12
  2.4774775E-02  4.3665059E-12
  2.4899900E-02  4.3884132E-12
  2.5025025E-02  4.4103185E-12
  2.5150150E-02  4.4322215E-12
  2.5275275E-02  4.4541228E-12
  2.5400400E-02  4.4760211E-12
  2.5525525E-02  4.4979177E-12
  2.5650650E-02  4.5198120E-12
  2.5775775E-02  4.5417038E-12
  2.5900900E-02  4.5635934E-12
  2.6026025E-02  4.5854809E-12
  2.6151150E-02  4.6073661E-12
  2.6276276E-02  4.6292488E-12
  2.6401401E-02  4.6511293E-12
  2.6526526E-02  4.6730072E-12
  2.6651653E-02  4.6948834E-12
  2.6776778E-02  4.7167565E-12
  2.6901903E-02  4.7386279E-12
  2.7027028E-02  4.7604967E-12
  2.7152153E-02  4.7823629E-12
  2.7277278E-02  4.8042269E-12
  2.7402403E-02  4.8260883E-12
  2.7527528E-02  4.8479476E-12
  2.7652653E-02  4.8698042E-12
  2.7777778E-02  4.8916587E-12
  2.7902903E-02  4.9135101E-12
  2.8028028E-02  4.9353598E-12
  2.8153153E-02  4.9572065E-12
  2.8278278E-02  4.9790510E-12
  2.8403403E-02  5.0008929E-12
  2.8528528E-02  5.0227327E-12
  2.8653653E-02  5.0445694E-12
  2.8778778E-02  5.0664039E-12
  2.8903903E-02  5.0882358E-12
  2.9029028E-02  5.1100651E-12
  2.9154154E-02  5.1318919E-12
  2.9279279E-02  5.1537160E-12
  2.9404404E-02  5.1755379E-12
  2.9529529E-02  5.1973569E-12
  2.9654654E-02  5.2191732E-12
  2.9779781E-02  5.2409873E-12
  2.9904906E-02  5.2627984E-12
  3.0030031E-02  5.2846070E-12
  3.0155156E-02  5.3064129E-12
  3.0280281E-02  5.3282166E-12
  3.0405406E-02  5.3500169E-12
  3.0530531E-02  5.3718150E-12
  3.0655656E-02  5.3936105E-12
  3.0780781E-02  5.4154029E-12
  3.0905906E-02  5.4371928E-12
  3.1031031E-02  5.4589801E-12
  3.1156156E-02  5.4807647E-12
  3.1281281E-02  5.5025463E-12
  3.1406406E-02  5.5243254E-12
  3.1531531E-02  5.5461013E-12
  3.1656656E-02  5.5678752E-12
  3.1781781E-02  5.5896455E-12
  3.1906907E-02  5.6114137E-12
  3.2032032E-02  5.6331784E-12
  3.2157157E-02  5.6549409E-12
  3.2282282E-02  5.6767004E-12
  3.2407407E-02  5.6984569E-12
  3.2532532E-02  5.7202108E-12
  3.2657657E-02  5.7419616E-12
  3.2782782E-02  5.7637094E-12
  3.2907907E-02  5.7854546E-12
  3.3033032E-02  5.8071972E-12
  3.3158157E-02  5.8289363E-12
  3.3283282E-02  5.8506728E-12
  3.3408407E-02  5.8724063E-12
  3.3533532E-02  5.8941372E-12
  3.3658657E-02  5.9158646E-12
  3.3783782E-02  5.9375894E-12
  3.3908907E-02  5.9593112E-12
  3.4034032E-02  5.9810299E-12
  3.4159157E-02  6.0027456E-12
  3.4284282E-02  6.0244587E-12
  3.4409411E-02  6.0461683E-12
  3.4534536E-02  6.0678749E-12
  3.4659661E-02  6.0895789E-12
  3.4784786E-02  6.1112795E-12
  3.4909911E-02  6.1329769E-12
  3.5035037E-02  6.1546718E-12
  3.5160162E-02  6.1763632E-12
  3.5285287E-02  6.1980516E-12
  3.5410412E-02  6.2197370E-12
  3.5535537E-02  6.2414193E-12
  3.5660662E-02  6.2630985E-12
  3.5785787E-02  6.2847744E-12
  3.5910912E-02  6.3064471E-12
  3.6036037E-02  6.3281168E-12
  3.6161162E-02  6.3497835E-12
  3.6286287E-02  6.3714468E-12
  3.6411412E-02  6.3931070E-12
  3.6536537E-02  6.4147641E-12
  3.6661662E-02  6.4364182E-12
  3.6786787E-02  6.4580685E-12
  3.6911912E-02  6.4797161E-12
  3.7037037E-02  6.5013602E-12
  3.7162162E-02  6.5230013E-12
  3.7287287E-02  6.5446390E-12
  3.7412412E-02  6.5662731E-12
  3.7537538E-02  6.5879043E-12
  3.7662663E-02  6.6095324E-12
  3.7787788E-02  6.6311566E-12
  3.7912913E-02  6.6527782E-12
  3.8038038E-02  6.6743958E-12
  3.8163163E-02  6.6960105E-12
  3.8288288E-02  6.7176217E-12
  3.8413413E-02  6.7392298E-12
  3.8538538E-02  6.7608341E-12
  3.8663663E-02  6.7824353E-12
  3.8788788E-02  6.8040330E-12
  3.8913913E-02  6.8256277E-12
  3.9039038E-02  6.8472185E-12
  3.9164163E-02  6.8688063E-12
  3.9289288E-02  6.8903902E-12
  3.9414413E-02  6.9119710E-12
  3.9539538E-02  6.9335484E-12
  3.9664663E-02  6.9551222E-12
  3.9789788E-02  6.9766927E-12
  3.9914913E-02  6.9982596E-12
  4.0040039E-02  7.0198227E-12
  4.0165164E-02  7.0413827E-12
  4.0290289E-02  7.0629392E-12
  4.0415414E-02  7.0844918E-12
  4.0540539E-02  7.1060414E-12
  4.0665668E-02  7.1275871E-12
  4.0790793E-02  7.1491294E-12
  4.0915918E-02  7.1706681E-12
  4.1041043E-02  7.1922030E-12
  4.1166168E-02  7.2137348E-12
  4.1291293E-02  7.2352627E-12
  4.1416418E-02  7.2567872E-12
  4.1541543E-02  7.2783073E-12
  4.1666668E-02  7.2998248E-12
  4.1791793E-02  7.3213380E-12
  4.1916918E-02  7.3428477E-12
  4.2042043E-02  7.3643539E-12
  4.2167168E-02  7.3858567E-12
  4.2292293E-02  7.4073551E-12
  4.2417418E-02  7.4288509E-12
  4.2542543E-02  7.4503424E-12
  4.2667668E-02  7.4718296E-12
  4.2792793E-02  7.4933141E-12
  4.2917918E-02  7.5147943E-12
  4.3043043E-02  7.5362702E-12
  4.3168169E-02  7.5577435E-12
  4.3293294E-02  7.5792124E-12
  4.3418419E-02  7.6006770E-12
  4.3543544E-02  7.6221390E-12
  4.3668669E-02  7.6435967E-12
  4.3793794E-02  7.6650500E-12
  4.3918919E-02  7.6865007E-12
  4.4044044E-02  7.7079463E-12
  4.4169169E-02  7.7293892E-12
  4.4294294E-02  7.7508278E-12
  4.4419419E-02  7.7722620E-12
  4.4544544E-02  7.7936928E-12
  4.4669669E-02  7.8151201E-12
  4.4794794E-02  7.8365430E-12
  4.4919919E-02  7.8579617E-12
  4.5045044E-02  7.8793768E-12
  4.5170169E-02  7.9007885E-12
  4.5295294E-02  7.9221959E-12
  4.5420419E-02  7.9435989E-12
  4.5545544E-02  7.9649985E-12
  4.5670670E-02  7.9863945E-12
  4.5795795E-02  8.0077854E-12
  4.5920920E-02  8.0291737E-12
  4.6046045E-02  8.0505567E-12
  4.6171170E-02  8.0719363E-12
  4.6296295E-02  8.0933116E-12
  4.6421420E-02  8.1146834E-12
  4.6546545E-02  8.1360509E-12
  4.6671670E-02  8.1574140E-12
  4.6796795E-02  8.1787736E-12
  4.6921924E-02  8.2001289E-12
  4.7047049E-02  8.2214799E-12
  4.7172174E-02  8.2428274E-12
  4.7297299E-02  8.2641706E-12
  4.7422424E-02  8.2855094E-12
  4.7547549E-02  8.3068439E-12
  4.7672674E-02  8.3281750E-12
  4.7797799E-02  8.3495016E-12
  4.7922924E-02  8.3708240E-12
  4.8048049E-02  8.3921420E-12
  4.8173174E-02  8.4134557E-12
  4.8298299E-02  8.4347659E-12
  4.8423424E-02  8.4560718E-12
  4.8548549E-02  8.4773733E-12
  4.8673674E-02  8.4986705E-12
  4.8798800E-02  8.5199634E-12
  4.8923925E-02  8.5412519E-12
  4.9049050E-02  8.5625370E-12
  4.9174175E-02  8.5838168E-12
  4.9299300E-02  8.6050932E-12
  4.9424425E-02  8.6263644E-12
  4.9549550E-02  8.6476321E-12
  4.9674675E-02  8.6688955E-12
  4.9799800E-02  8.6901545E-12
  4.9924925E-02  8.7114092E-12
  5.0050050E-02  8.7326587E-12
  5.0175175E-02  8.7539047E-12
  5.0300300E-02  8.7751464E-12
  5.0425425E-02  8.7963838E-12
  5.0550550E-02  8.8176168E-12
  5.0675675E-02  8.8388446E-12
  5.0800800E-02  8.8600689E-12
  5.0925925E-02  8.8812889E-12
  5.1051050E-02  8.9025037E-12
  5.1176175E-02  8.9237151E-12
  5.1301301E-02  8.9449212E-12
  5.1426426E-02  8.9661230E-12
  5.1551551E-02  8.9873204E-12
  5.1676676E-02  9.0085136E-12
  5.1801801E-02  9.0297023E-12
  5.1926926E-02  9.0508859E-12
  5.2052051E-02  9.0720660E-12
  5.2177176E-02  9.0932409E-12
  5.2302301E-02  9.1144115E-12
  5.2427426E-02  9.1355777E-12
  5.2552551E-02  9.1567387E-12
  5.2677676E-02  9.1778963E-12
  5.2802801E-02  9.1990486E-12
  5.2927926E-02  9.2201958E-12
  5.3053051E-02  9.2413395E-12
  5.3178180E-02  9.2624779E-12
  5.3303305E-02  9.2836121E-12
  5.3428430E-02  9.3047419E-12
  5.3553555E-02  9.3258665E-12
  5.3678680E-02  9.3469867E-12
  5.3803805E-02  9.3681026E-12
  5.3928930E-02  9.3892134E-12
  5.4054055E-02  9.4103197E-12
  5.4179180E-02  9.4314209E-12
  5.4304305E-02  9.4525186E-12
  5.4429431E-02  9.4736103E-12
  5.4554556E-02  9.4946984E-12
  5.4679681E-02  9.5157805E-12
  5.4804806E-02  9.5368591E-12
  5.4929931E-02  9.5579326E-12
  5.5055056E-02  9.5790008E-12
  5.5180181E-02  9.6000647E-12
  5.5305306E-02  9.6211242E-12
  5.5430431E-02  9.6421785E-12
  5.5555556E-02  9.6632286E-12
  5.5680681E-02  9.6842733E-12
  5.5805806E-02  9.7053129E-12
  5.5930931E-02  9.7263482E-12
  5.6056056E-02  9.7473783E-12
  5.6181181E-02  9.7684040E-12
  5.6306306E-02  9.7894253E-12
  5.6431431E-02  9.8104407E-12
  5.6556556E-02  9.8314516E-12
  5.6681681E-02  9.8524583E-12
  5.6806806E-02  9.8734588E-12
  5.6931932E-02  9.8944559E-12
  5.7057057E-02  9.9154469E-12
  5.7182182E-02  9.9364336E-12
  5.7307307E-02  9.9574151E-12
  5.7432432E-02  9.9783922E-12
  5.7557557E-02  9.9993633E-12
  5.7682682E-02  1.0020330E-11
  5.7807807E-02  1.0041292E-11
  5.7932932E-02  1.0062249E-11
  5.8058057E-02  1.0083201E-11
  5.8183182E-02  1.0104148E-11
  5.8308307E-02  1.0125090E-11
  5.8433432E-02  1.0146026E-11
  5.8558557E-02  1.0166958E-11
  5.8683682E-02  1.0187885E-11
  5.8808807E-02  1.0208807E-11
  5.8933932E-02  1.0229724E-11
  5.9059057E-02  1.0250635E-11
  5.9184182E-02  1.0271542E-11
  5.9309307E-02  1.0292443E-11
  5.9434436E-02  1.0313340E-11
  5.9559561E-02  1.0334231E-11
  5.9684686E-02  1.0355117E-11
  5.9809811E-02  1.0375999E-11
  5.9934936E-02  1.0396874E-11
  6.0060062E-02  1.0417745E-11
  6.0185187E-02  1.0438611E-11
  6.0310312E-02  1.0459471E-11
  6.0435437E-02  1.0480327E-11
  6.0560562E-02  1.0501176E-11
  6.0685687E-02  1.0522022E-11
  6.0810812E-02  1.0542861E-11
  6.0935937E-02  1.0563696E-11
  6.1061062E-02  1.0584525E-11
  6.1186187E-02  1.0605349E-11
  6.1311312E-02  1.0626167E-11
  6.1436437E-02  1.0646982E-11
  6.1561562E-02  1.0667790E-11
  6.1686687E-02  1.0688592E-11
  6.1811812E-02  1.0709390E-11
  6.1936937E-02  1.0730182E-11
  6.2062062E-02  1.0750970E-11
  6.2187187E-02  1.0771752E-11
  6.2312312E-02  1.0792528E-11
  6.2437437E-02  1.0813299E-11
  6.2562563E-02  1.0834065E-11
  6.2687688E-02  1.0854825E-11
  6.2812813E-02  1.0875580E-11
  6.2937938E-02  1.0896330E-11
  6.3063063E-02  1.0917075E-11
  6.3188188E-02  1.0937813E-11
  6.3313313E-02  1.0958547E-11
  6.3438438E-02  1.0979275E-11
  6.3563563E-02  1.0999998E-11
  6.3688688E-02  1.1020715E-11
  6.3813813E-02  1.1041426E-11
  6.3938938E-02  1.1062133E-11
  6.4064063E-02  1.1082833E-11
  6.4189188E-02  1.1103529E-11
  6.4314313E-02  1.1124219E-11
  6.4439438E-02  1.1144904E-11
  6.4564563E-02  1.1165582E-11
  6.4689688E-02  1.1186256E-11
  6.4814813E-02  1.1206923E-11
  6.4939938E-02  1.1227586E-11
  6.5065064E-02  1.1248243E-11
  6.5190189E-02  1.1268894E-11
  6.5315314E-02  1.1289540E-11
  6.5440439E-02  1.1310180E-11
  6.5565564E-02  1.1330815E-11
  6.5690689E-02  1.1351443E-11
  6.5815814E-02  1.1372066E-11
  6.5940939E-02  1.1392685E-11
  6.6066064E-02  1.1413297E-11
  6.6191189E-02  1.1433903E-11
  6.6316314E-02  1.1454504E-11
  6.6441439E-02  1.1475099E-11
  6.6566564E-02  1.1495688E-11
  6.6691689E-02  1.1516272E-11
  6.6816814E-02  1.1536850E-11
  6.6941939E-02  1.1557423E-11
  6.7067064E-02  1.1577989E-11
  6.7192189E-02  1.1598551E-11
  6.7317314E-02  1.1619106E-11
  6.7442439E-02  1.1639655E-11
  6.7567565E-02  1.1660200E-11
  6.7692690E-02  1.1680738E-11
  6.7817815E-02  1.1701270E-11
  6.7942940E-02  1.1721797E-11
  6.8068065E-02  1.1742317E-11
  6.8193190E-02  1.1762833E-11
  6.8318315E-02  1.1783342E-11
  6.8443440E-02  1.1803845E-11
  6.8568565E-02  1.1824343E-11
  6.8693690E-02  1.1844835E-11
  6.8818823E-02  1.1865320E-11
  6.8943948E-02  1.1885801E-11
  6.9069073E-02  1.1906275E-11
  6.9194198E-02  1.1926743E-11
  6.9319323E-02  1.1947206E-11
  6.9444448E-02  1.1967662E-11
  6.9569573E-02  1.1988114E-11
  6.9694698E-02  1.2008558E-11
  6.9819823E-02  1.2028997E-11
  6.9944948E-02  1.2049430E-11
  7.0070073E-02  1.2069857E-11
  7.0195198E-02  1.2090278E-11
  7.0320323E-02  1.2110694E-11
  7.0445448E-02  1.2131103E-11
  7.0570573E-02  1.2151505E-11
  7.0695698E-02  1.2171902E-11
  7.0820823E-02  1.2192294E-11
  7.0945948E-02  1.2212680E-11
  7.1071073E-02  1.2233058E-11
  7.1196198E-02  1.2253432E-11
  7.1321324E-02  1.2273799E-11
  7.1446449E-02  1.2294160E-11
  7.1571574E-02  1.2314515E-11
  7.1696699E-02  1.2334864E-11
  7.1821824E-02  1.2355207E-11
  7.1946949E-02  1.2375544E-11
  7.2072074E-02  1.2395874E-11
  7.2197199E-02  1.2416199E-11
  7.2322324E-02  1.2436518E-11
  7.2447449E-02  1.2456831E-11
  7.2572574E-02  1.2477137E-11
  7.2697699E-02  1.2497437E-11
  7.2822824E-02  1.2517731E-11
  7.2947949E-02  1.2538019E-11
  7.3073074E-02  1.2558301E-11
  7.3198199E-02  1.2578576E-11
  7.3323324E-02  1.2598846E-11
  7.3448449E-02  1.2619109E-11
  7.3573574E-02  1.2639365E-11
  7.3698699E-02  1.2659616E-11
  7.3823825E-02  1.2679861E-11
  7.3948950E-02  1.2700099E-11
  7.4074075E-02  1.2720331E-11
  7.4199200E-02  1.2740557E-11
  7.4324325E-02  1.2760777E-11
  7.4449450E-02  1.2780990E-11
  7.4574575E-02  1.2801197E-11
  7.4699700E-02  1.2821398E-11
  7.4824825E-02  1.2841592E-11
  7.4949950E-02  1.2861780E-11
  7.5075075E-02  1.2881962E-11
  7.5200200E-02  1.2902138E-11
  7.5325325E-02  1.2922306E-11
  7.5450450E-02  1.2942469E-11
  7.5575575E-02  1.2962626E-11
  7.5700700E-02  1.2982775E-11
  7.5825825E-02  1.3002919E-11
  7.5950950E-02  1.3023057E-11
  7.6076075E-02  1.3043187E-11
  7.6201200E-02  1.3063312E-11
  7.6326326E-02  1.3083430E-11
  7.6451451E-02  1.3103542E-11
  7.6576576E-02  1.3123647E-11
  7.6701701E-02  1.3143746E-11
  7.6826826E-02  1.3163838E-11
  7.6951951E-02  1.3183924E-11
  7.7077076E-02  1.3204004E-11
  7.7202201E-02  1.3224076E-11
  7.7327326E-02  1.3244143E-11
  7.7452451E-02  1.3264203E-11
  7.7577576E-02  1.3284257E-11
  7.7702701E-02  1.3304303E-11
  7.7827826E-02  1.3324343E-11
  7.7952951E-02  1.3344378E-11
  7.8078076E-02  1.3364405E-11
  7.8203201E-02  1.3384426E-11
  7.8328326E-02  1.3404440E-11
  7.8453451E-02  1.3424447E-11
  7.8578576E-02  1.3444449E-11
  7.8703701E-02  1.3464443E-11
  7.8828827E-02  1.3484431E-11
  7.8953952E-02  1.3504412E-11
  7.9079077E-02  1.3524386E-11
  7.9204202E-02  1.3544355E-11
  7.9329327E-02  1.3564316E-11
  7.9454452E-02  1.3584271E-11
  7.9579577E-02  1.3604219E-11
  7.9704702E-02  1.3624161E-11
  7.9829827E-02  1.3644095E-11
  7.9954952E-02  1.3664023E-11
  8.0080077E-02  1.3683945E-11
  8.0205202E-02  1.3703859E-11
  8.0330327E-02  1.3723767E-11
  8.0455452E-02  1.3743669E-11
  8.0580577E-02  1.3763563E-11
  8.0705702E-02  1.3783451E-11
  8.0830827E-02  1.3803332E-11
  8.0955952E-02  1.3823206E-11
  8.1081077E-02  1.3843073E-11
  8.1206203E-02  1.3862934E-11
  8.1331335E-02  1.3882788E-11
  8.1456460E-02  1.3902635E-11
  8.1581585E-02  1.3922475E-11
  8.1706710E-02  1.3942309E-11
  8.1831835E-02  1.3962136E-11
  8.1956960E-02  1.3981955E-11
  8.2082085E-02  1.4001768E-11
  8.2207210E-02  1.4021575E-11
  8.2332335E-02  1.4041374E-11
  8.2457460E-02  1.4061166E-11
  8.2582586E-02  1.4080952E-11
  8.2707711E-02  1.4100731E-11
  8.2832836E-02  1.4120503E-11
  8.2957961E-02  1.4140267E-11
  8.3083086E-02  1.4160026E-11
  8.3208211E-02  1.4179776E-11
  8.3333336E-02  1.4199521E-11
  8.3458461E-02  1.4219258E-11
  8.3583586E-02  1.4238988E-11
  8.3708711E-02  1.4258711E-11
  8.3833836E-02  1.4278427E-11
  8.3958961E-02  1.4298136E-11
  8.4084086E-02  1.4317839E-11
  8.4209211E-02  1.4337535E-11
  8.4334336E-02  1.4357223E-11
  8.4459461E-02  1.4376904E-11
  8.4584586E-02  1.4396579E-11
  8.4709711E-02  1.4416246E-11
  8.4834836E-02  1.4435906E-11
  8.4959961E-02  1.4455559E-11
  8.5085087E-02  1.4475205E-11
  8.5210212E-02  1.4494845E-11
  8.5335337E-02  1.4514476E-11
  8.5460462E-02  1.4534101E-11
  8.5585587E-02  1.4553719E-11
  8.5710712E-02  1.4573329E-11
  8.5835837E-02  1.4592933E-11
  8.5960962E-02  1.4612530E-11
  8.6086087E-02  1.4632118E-11
  8.6211212E-02  1.4651702E-11
  8.6336337E-02  1.4671276E-11
  8.6461462E-02  1.4690844E-11
  8.6586587E-02  1.4710405E-11
  8.6711712E-02  1.4729959E-11
  8.6836837E-02  1.4749504E-11
  8.6961962E-02  1.4769044E-11
  8.7087087E-02  1.4788575E-11
  8.7212212E-02  1.4808101E-11
  8.7337337E-02  1.4827618E-11
  8.7462462E-02  1.4847129E-11
  8.7587588E-02  1.4866630E-11
  8.7712713E-02  1.4886127E-11
  8.7837838E-02  1.4905615E-11
  8.7962963E-02  1.4925096E-11
  8.8088088E-02  1.4944570E-11
  8.8213213E-02  1.4964037E-11
  8.8338338E-02  1.4983497E-11
  8.8463463E-02  1.5002949E-11
  8.8588588E-02  1.5022393E-11
  8.8713713E-02  1.5041831E-11
  8.8838838E-02  1.5061261E-11
  8.8963963E-02  1.5080683E-11
  8.9089088E-02  1.5100100E-11
  8.9214213E-02  1.5119508E-11
  8.9339338E-02  1.5138907E-11
  8.9464463E-02  1.5158302E-11
  8.9589588E-02  1.5177687E-11
  8.9714713E-02  1.5197066E-11
  8.9839838E-02  1.5216437E-11
  8.9964963E-02  1.5235800E-11
  9.0090089E-02  1.5255158E-11
  9.0215214E-02  1.5274507E-11
  9.0340339E-02  1.5293848E-11
  9.0465464E-02  1.5313183E-11
  9.0590589E-02  1.5332510E-11
  9.0715714E-02  1.5351827E-11
  9.0840839E-02  1.5371140E-11
  9.0965964E-02  1.5390444E-11
  9.1091089E-02  1.5409741E-11
  9.1216214E-02  1.5429030E-11
  9.1341339E-02  1.5448311E-11
  9.1466464E-02  1.5467586E-11
  9.1591589E-02  1.5486853E-11
  9.1716714E-02  1.5506112E-11
  9.1841839E-02  1.5525364E-11
  9.1966964E-02  1.5544607E-11
  9.2092089E-02  1.5563844E-11
  9.2217214E-02  1.5583073E-11
  9.2342339E-02  1.5602294E-11
  9.2467465E-02  1.5621508E-11
  9.2592590E-02  1.5640714E-11
  9.2717715E-02  1.5659913E-11
  9.2842840E-02  1.5679104E-11
  9.2967965E-02  1.5698286E-11
  9.3093090E-02  1.5717464E-11
  9.3218215E-02  1.5736631E-11
  9.3343340E-02  1.5755791E-11
  9.3468465E-02  1.5774944E-11
  9.3593590E-02  1.5794090E-11
  9.3718715E-02  1.5813227E-11
  9.3843848E-02  1.5832356E-11
  9.3968973E-02  1.5851480E-11
  9.4094098E-02  1.5870593E-11
  9.4219223E-02  1.5889701E-11
  9.4344348E-02  1.5908799E-11
  9.4469473E-02  1.5927891E-11
  9.4594598E-02  1.5946975E-11
  9.4719723E-02  1.5966050E-11
  9.4844848E-02  1.5985118E-11
  9.4969973E-02  1.6004179E-11
  9.5095098E-02  1.6023231E-11
  9.5220223E-02  1.6042275E-11
  9.5345348E-02  1.6061312E-11
  9.5470473E-02  1.6080342E-11
  9.5595598E-02  1.6099363E-11
  9.5720723E-02  1.6118377E-11
  9.5845848E-02  1.6137383E-11
  9.5970973E-02  1.6156380E-11
  9.6096098E-02  1.6175370E-11
  9.6221223E-02  1.6194353E-11
  9.6346349E-02  1.6213328E-11
  9.6471474E-02  1.6232295E-11
  9.6596599E-02  1.6251254E-11
  9.6721724E-02  1.6270204E-11
  9.6846849E-02  1.6289147E-11
  9.6971974E-02  1.6308082E-11
  9.7097099E-02  1.6327009E-11
  9.7222224E-02  1.6345928E-11
  9.7347349E-02  1.6364840E-11
  9.7472474E-02  1.6383743E-11
  9.7597599E-02  1.6402638E-11
  9.7722724E-02  1.6421526E-11
  9.7847849E-02  1.6440406E-11
  9.7972974E-02  1.6459277E-11
  9.8098099E-02  1.6478142E-11
  9.8223224E-02  1.6496996E-11
  9.8348349E-02  1.6515844E-11
  9.8473474E-02  1.6534683E-11
  9.8598599E-02  1.6553516E-11
  9.8723724E-02  1.6572339E-11
  9.8848850E-02  1.6591156E-11
  9.8973975E-02  1.6609963E-11
  9.9099100E-02  1.6628763E-11
  9.9224225E-02  1.6647555E-11
  9.9349350E-02  1.6666338E-11
  9.9474475E-02  1.6685113E-11
  9.9599600E-02  1.6703881E-11
  9.9724725E-02  1.6722641E-11
  9.9849850E-02  1.6741391E-11
  9.9974975E-02  1.6760135E-11
  0.1001001      1.6778870E-11
  0.1002252      1.6797596E-11
  0.1003504      1.6816316E-11
  0.1004755      1.6835026E-11
  0.1006006      1.6853728E-11
  0.1007257      1.6872422E-11
  0.1008509      1.6891108E-11
  0.1009760      1.6909788E-11
  0.1011011      1.6928457E-11
  0.1012262      1.6947119E-11
  0.1013514      1.6965773E-11
  0.1014765      1.6984417E-11
  0.1016016      1.7003055E-11
  0.1017267      1.7021684E-11
  0.1018519      1.7040305E-11
  0.1019770      1.7058917E-11
  0.1021021      1.7077522E-11
  0.1022272      1.7096118E-11
  0.1023524      1.7114705E-11
  0.1024775      1.7133284E-11
  0.1026026      1.7151856E-11
  0.1027277      1.7170420E-11
  0.1028529      1.7188974E-11
  0.1029780      1.7207520E-11
  0.1031031      1.7226059E-11
  0.1032282      1.7244588E-11
  0.1033534      1.7263109E-11
  0.1034785      1.7281622E-11
  0.1036036      1.7300128E-11
  0.1037287      1.7318624E-11
  0.1038539      1.7337113E-11
  0.1039790      1.7355593E-11
  0.1041041      1.7374064E-11
  0.1042292      1.7392527E-11
  0.1043544      1.7410981E-11
  0.1044795      1.7429428E-11
  0.1046046      1.7447866E-11
  0.1047297      1.7466296E-11
  0.1048549      1.7484717E-11
  0.1049800      1.7503129E-11
  0.1051051      1.7521533E-11
  0.1052302      1.7539930E-11
  0.1053554      1.7558316E-11
  0.1054805      1.7576695E-11
  0.1056056      1.7595066E-11
  0.1057307      1.7613428E-11
  0.1058559      1.7631781E-11
  0.1059810      1.7650126E-11
  0.1061061      1.7668462E-11
  0.1062312      1.7686791E-11
  0.1063564      1.7705110E-11
  0.1064815      1.7723422E-11
  0.1066066      1.7741723E-11
  0.1067317      1.7760017E-11
  0.1068569      1.7778303E-11
  0.1069820      1.7796580E-11
  0.1071071      1.7814849E-11
  0.1072322      1.7833108E-11
  0.1073574      1.7851359E-11
  0.1074825      1.7869602E-11
  0.1076076      1.7887835E-11
  0.1077327      1.7906060E-11
  0.1078579      1.7924278E-11
  0.1079830      1.7942486E-11
  0.1081081      1.7960685E-11
  0.1082332      1.7978875E-11
  0.1083584      1.7997059E-11
  0.1084835      1.8015232E-11
  0.1086086      1.8033398E-11
  0.1087337      1.8051553E-11
  0.1088589      1.8069700E-11
  0.1089840      1.8087840E-11
  0.1091091      1.8105970E-11
  0.1092342      1.8124093E-11
  0.1093594      1.8142205E-11
  0.1094845      1.8160308E-11
  0.1096096      1.8178405E-11
  0.1097347      1.8196491E-11
  0.1098599      1.8214569E-11
  0.1099850      1.8232639E-11
  0.1101101      1.8250700E-11
  0.1102352      1.8268751E-11
  0.1103604      1.8286794E-11
  0.1104855      1.8304828E-11
  0.1106106      1.8322854E-11
  0.1107357      1.8340870E-11
  0.1108609      1.8358879E-11
  0.1109860      1.8376878E-11
  0.1111111      1.8394867E-11
  0.1112362      1.8412849E-11
  0.1113614      1.8430823E-11
  0.1114865      1.8448786E-11
  0.1116116      1.8466740E-11
  0.1117367      1.8484688E-11
  0.1118619      1.8502625E-11
  0.1119870      1.8520553E-11
  0.1121121      1.8538473E-11
  0.1122372      1.8556384E-11
  0.1123624      1.8574284E-11
  0.1124875      1.8592178E-11
  0.1126126      1.8610061E-11
  0.1127377      1.8627938E-11
  0.1128629      1.8645804E-11
  0.1129880      1.8663661E-11
  0.1131131      1.8681509E-11
  0.1132382      1.8699348E-11
  0.1133634      1.8717179E-11
  0.1134885      1.8735000E-11
  0.1136136      1.8752814E-11
  0.1137387      1.8770617E-11
  0.1138639      1.8788412E-11
  0.1139890      1.8806196E-11
  0.1141141      1.8823974E-11
  0.1142392      1.8841741E-11
  0.1143644      1.8859499E-11
  0.1144895      1.8877249E-11
  0.1146146      1.8894990E-11
  0.1147397      1.8912722E-11
  0.1148649      1.8930444E-11
  0.1149900      1.8948157E-11
  0.1151151      1.8965862E-11
  0.1152402      1.8983558E-11
  0.1153654      1.9001243E-11
  0.1154905      1.9018922E-11
  0.1156156      1.9036590E-11
  0.1157407      1.9054248E-11
  0.1158659      1.9071899E-11
  0.1159910      1.9089539E-11
  0.1161161      1.9107171E-11
  0.1162412      1.9124794E-11
  0.1163664      1.9142408E-11
  0.1164915      1.9160012E-11
  0.1166166      1.9177607E-11
  0.1167417      1.9195194E-11
  0.1168669      1.9212770E-11
  0.1169920      1.9230338E-11
  0.1171171      1.9247897E-11
  0.1172422      1.9265447E-11
  0.1173674      1.9282987E-11
  0.1174925      1.9300518E-11
  0.1176176      1.9318040E-11
  0.1177427      1.9335552E-11
  0.1178679      1.9353056E-11
  0.1179930      1.9370550E-11
  0.1181181      1.9388035E-11
  0.1182432      1.9405510E-11
  0.1183684      1.9422977E-11
  0.1184935      1.9440434E-11
  0.1186186      1.9457883E-11
  0.1187437      1.9475321E-11
  0.1188689      1.9492751E-11
  0.1189940      1.9510171E-11
  0.1191191      1.9527583E-11
  0.1192442      1.9544984E-11
  0.1193694      1.9562376E-11
  0.1194945      1.9579760E-11
  0.1196196      1.9597133E-11
  0.1197447      1.9614498E-11
  0.1198699      1.9631852E-11
  0.1199950      1.9649197E-11
  0.1201201      1.9666534E-11
  0.1202452      1.9683862E-11
  0.1203704      1.9701178E-11
  0.1204955      1.9718487E-11
  0.1206206      1.9735786E-11
  0.1207457      1.9753076E-11
  0.1208709      1.9770355E-11
  0.1209960      1.9787626E-11
  0.1211211      1.9804889E-11
  0.1212462      1.9822140E-11
  0.1213714      1.9839382E-11
  0.1214965      1.9856616E-11
  0.1216216      1.9873839E-11
  0.1217467      1.9891054E-11
  0.1218719      1.9908259E-11
  0.1219970      1.9925454E-11
  0.1221221      1.9942640E-11
  0.1222472      1.9959817E-11
  0.1223724      1.9976984E-11
  0.1224975      1.9994140E-11
  0.1226226      2.0011290E-11
  0.1227477      2.0028427E-11
  0.1228729      2.0045555E-11
  0.1229980      2.0062675E-11
  0.1231231      2.0079785E-11
  0.1232482      2.0096886E-11
  0.1233734      2.0113976E-11
  0.1234985      2.0131058E-11
  0.1236236      2.0148130E-11
  0.1237487      2.0165192E-11
  0.1238739      2.0182245E-11
  0.1239990      2.0199288E-11
  0.1241241      2.0216322E-11
  0.1242492      2.0233346E-11
  0.1243744      2.0250360E-11
  0.1244995      2.0267366E-11
  0.1246246      2.0284361E-11
  0.1247497      2.0301347E-11
  0.1248749      2.0318323E-11
  0.1250000      2.0335289E-11
