X1       MXN       -90.0000    0.0000    0.0    0.0    0.0    0.0       1.0000   18027 1994 160 00 33 16.400
X1       MXE       -90.0000    0.0000    0.0    0.0   90.0    0.0       1.0000   18027 1994 160 00 33 16.400
X1       MXZ       -90.0000    0.0000    0.0    0.0    0.0  -90.0       1.0000   18027 1994 160 00 33 16.400
X11      MXN       -80.0000    0.0000    0.0    0.0    0.0    0.0       1.0000   18027 1994 160 00 33 16.400
X11      MXE       -80.0000    0.0000    0.0    0.0   90.0    0.0       1.0000   18027 1994 160 00 33 16.400
X11      MXZ       -80.0000    0.0000    0.0    0.0    0.0  -90.0       1.0000   18027 1994 160 00 33 16.400
X21      MXN       -70.0000    0.0000    0.0    0.0    0.0    0.0       1.0000   18027 1994 160 00 33 16.400
X21      MXE       -70.0000    0.0000    0.0    0.0   90.0    0.0       1.0000   18027 1994 160 00 33 16.400
X21      MXZ       -70.0000    0.0000    0.0    0.0    0.0  -90.0       1.0000   18027 1994 160 00 33 16.400
X31      MXN       -60.0000    0.0000    0.0    0.0    0.0    0.0       1.0000   18027 1994 160 00 33 16.400
X31      MXE       -60.0000    0.0000    0.0    0.0   90.0    0.0       1.0000   18027 1994 160 00 33 16.400
X31      MXZ       -60.0000    0.0000    0.0    0.0    0.0  -90.0       1.0000   18027 1994 160 00 33 16.400
X41      MXN       -50.0000    0.0000    0.0    0.0    0.0    0.0       1.0000   18027 1994 160 00 33 16.400
X41      MXE       -50.0000    0.0000    0.0    0.0   90.0    0.0       1.0000   18027 1994 160 00 33 16.400
X41      MXZ       -50.0000    0.0000    0.0    0.0    0.0  -90.0       1.0000   18027 1994 160 00 33 16.400
X51      MXN       -40.0000    0.0000    0.0    0.0    0.0    0.0       1.0000   18027 1994 160 00 33 16.400
X51      MXE       -40.0000    0.0000    0.0    0.0   90.0    0.0       1.0000   18027 1994 160 00 33 16.400
X51      MXZ       -40.0000    0.0000    0.0    0.0    0.0  -90.0       1.0000   18027 1994 160 00 33 16.400
X61      MXN       -30.0000    0.0000    0.0    0.0    0.0    0.0       1.0000   18027 1994 160 00 33 16.400
X61      MXE       -30.0000    0.0000    0.0    0.0   90.0    0.0       1.0000   18027 1994 160 00 33 16.400
X61      MXZ       -30.0000    0.0000    0.0    0.0    0.0  -90.0       1.0000   18027 1994 160 00 33 16.400
X71      MXN       -20.0000    0.0000    0.0    0.0    0.0    0.0       1.0000   18027 1994 160 00 33 16.400
X71      MXE       -20.0000    0.0000    0.0    0.0   90.0    0.0       1.0000   18027 1994 160 00 33 16.400
X71      MXZ       -20.0000    0.0000    0.0    0.0    0.0  -90.0       1.0000   18027 1994 160 00 33 16.400
X81      MXN       -10.0000    0.0000    0.0    0.0    0.0    0.0       1.0000   18027 1994 160 00 33 16.400
X81      MXE       -10.0000    0.0000    0.0    0.0   90.0    0.0       1.0000   18027 1994 160 00 33 16.400
X81      MXZ       -10.0000    0.0000    0.0    0.0    0.0  -90.0       1.0000   18027 1994 160 00 33 16.400
X91      MXN         0.0000    0.0000    0.0    0.0    0.0    0.0       1.0000   18027 1994 160 00 33 16.400
X91      MXE         0.0000    0.0000    0.0    0.0   90.0    0.0       1.0000   18027 1994 160 00 33 16.400
X91      MXZ         0.0000    0.0000    0.0    0.0    0.0  -90.0       1.0000   18027 1994 160 00 33 16.400
X101     MXN        10.0000    0.0000    0.0    0.0    0.0    0.0       1.0000   18027 1994 160 00 33 16.400
X101     MXE        10.0000    0.0000    0.0    0.0   90.0    0.0       1.0000   18027 1994 160 00 33 16.400
X101     MXZ        10.0000    0.0000    0.0    0.0    0.0  -90.0       1.0000   18027 1994 160 00 33 16.400
X111     MXN        20.0000    0.0000    0.0    0.0    0.0    0.0       1.0000   18027 1994 160 00 33 16.400
X111     MXE        20.0000    0.0000    0.0    0.0   90.0    0.0       1.0000   18027 1994 160 00 33 16.400
X111     MXZ        20.0000    0.0000    0.0    0.0    0.0  -90.0       1.0000   18027 1994 160 00 33 16.400
X121     MXN        30.0000    0.0000    0.0    0.0    0.0    0.0       1.0000   18027 1994 160 00 33 16.400
X121     MXE        30.0000    0.0000    0.0    0.0   90.0    0.0       1.0000   18027 1994 160 00 33 16.400
X121     MXZ        30.0000    0.0000    0.0    0.0    0.0  -90.0       1.0000   18027 1994 160 00 33 16.400
X131     MXN        40.0000    0.0000    0.0    0.0    0.0    0.0       1.0000   18027 1994 160 00 33 16.400
X131     MXE        40.0000    0.0000    0.0    0.0   90.0    0.0       1.0000   18027 1994 160 00 33 16.400
X131     MXZ        40.0000    0.0000    0.0    0.0    0.0  -90.0       1.0000   18027 1994 160 00 33 16.400
X141     MXN        50.0000    0.0000    0.0    0.0    0.0    0.0       1.0000   18027 1994 160 00 33 16.400
X141     MXE        50.0000    0.0000    0.0    0.0   90.0    0.0       1.0000   18027 1994 160 00 33 16.400
X141     MXZ        50.0000    0.0000    0.0    0.0    0.0  -90.0       1.0000   18027 1994 160 00 33 16.400
X151     MXN        60.0000    0.0000    0.0    0.0    0.0    0.0       1.0000   18027 1994 160 00 33 16.400
X151     MXE        60.0000    0.0000    0.0    0.0   90.0    0.0       1.0000   18027 1994 160 00 33 16.400
X151     MXZ        60.0000    0.0000    0.0    0.0    0.0  -90.0       1.0000   18027 1994 160 00 33 16.400
X161     MXN        70.0000    0.0000    0.0    0.0    0.0    0.0       1.0000   18027 1994 160 00 33 16.400
X161     MXE        70.0000    0.0000    0.0    0.0   90.0    0.0       1.0000   18027 1994 160 00 33 16.400
X161     MXZ        70.0000    0.0000    0.0    0.0    0.0  -90.0       1.0000   18027 1994 160 00 33 16.400
X171     MXN        80.0000    0.0000    0.0    0.0    0.0    0.0       1.0000   18027 1994 160 00 33 16.400
X171     MXE        80.0000    0.0000    0.0    0.0   90.0    0.0       1.0000   18027 1994 160 00 33 16.400
X171     MXZ        80.0000    0.0000    0.0    0.0    0.0  -90.0       1.0000   18027 1994 160 00 33 16.400
X181     MXN        90.0000    0.0000    0.0    0.0    0.0    0.0       1.0000   18027 1994 160 00 33 16.400
X181     MXE        90.0000    0.0000    0.0    0.0   90.0    0.0       1.0000   18027 1994 160 00 33 16.400
X181     MXZ        90.0000    0.0000    0.0    0.0    0.0  -90.0       1.0000   18027 1994 160 00 33 16.400
LIGO     MXN        46.4551 -119.4077    0.0    0.0    0.0    0.0       1.0000   18027 1994 160 00 33 16.400
LIGO     MXE        46.4551 -119.4077    0.0    0.0   90.0    0.0       1.0000   18027 1994 160 00 33 16.400
LIGO     MXZ        46.4551 -119.4077    0.0    0.0    0.0  -90.0       1.0000   18027 1994 160 00 33 16.400
LIGO     MXN        30.5629  -90.7742    0.0    0.0    0.0    0.0       1.0000   18027 1994 160 00 33 16.400
LIGO     MXE        30.5629  -90.7742    0.0    0.0   90.0    0.0       1.0000   18027 1994 160 00 33 16.400
LIGO     MXZ        30.5629  -90.7742    0.0    0.0    0.0  -90.0       1.0000   18027 1994 160 00 33 16.400
PRNC     MXN        40.3458  -74.6548    0.0    0.0    0.0    0.0       1.0000   18027 1994 160 00 33 16.400
PRNC     MXE        40.3458  -74.6548    0.0    0.0   90.0    0.0       1.0000   18027 1994 160 00 33 16.400
PRNC     MXZ        40.3458  -74.6548    0.0    0.0    0.0  -90.0       1.0000   18027 1994 160 00 33 16.400
