  0.0000000E+00  0.0000000E+00
  1.2512512E-04  2.2125398E-14
  2.5025025E-04  4.4250787E-14
  3.7537538E-04  6.6376158E-14
  5.0050049E-04  8.8501506E-14
  6.2562560E-04  1.1062681E-13
  7.5075077E-04  1.3275207E-13
  8.7587588E-04  1.5487729E-13
  1.0010010E-03  1.7700244E-13
  1.1261262E-03  1.9912753E-13
  1.2512512E-03  2.2125251E-13
  1.3763764E-03  2.4337742E-13
  1.5015015E-03  2.6550225E-13
  1.6266266E-03  2.8762696E-13
  1.7517518E-03  3.0975155E-13
  1.8768769E-03  3.3187602E-13
  2.0020020E-03  3.5400036E-13
  2.1271270E-03  3.7612456E-13
  2.2522523E-03  3.9824860E-13
  2.3773774E-03  4.2037248E-13
  2.5025024E-03  4.4249619E-13
  2.6276277E-03  4.6461972E-13
  2.7527527E-03  4.8674308E-13
  2.8778778E-03  5.0886628E-13
  3.0030031E-03  5.3098921E-13
  3.1281281E-03  5.5311197E-13
  3.2532532E-03  5.7523447E-13
  3.3783785E-03  5.9735680E-13
  3.5035035E-03  6.1947886E-13
  3.6286286E-03  6.4160065E-13
  3.7537538E-03  6.6372222E-13
  3.8788789E-03  6.8584347E-13
  4.0040039E-03  7.0796450E-13
  4.1291290E-03  7.3008521E-13
  4.2542540E-03  7.5220570E-13
  4.3793796E-03  7.7432581E-13
  4.5045046E-03  7.9644565E-13
  4.6296297E-03  8.1856516E-13
  4.7547547E-03  8.4068435E-13
  4.8798798E-03  8.6280316E-13
  5.0050048E-03  8.8492169E-13
  5.1301303E-03  9.0703985E-13
  5.2552554E-03  9.2915758E-13
  5.3803804E-03  9.5127508E-13
  5.5055055E-03  9.7339205E-13
  5.6306305E-03  9.9550869E-13
  5.7557556E-03  1.0176250E-12
  5.8808811E-03  1.0397408E-12
  6.0060062E-03  1.0618562E-12
  6.1311312E-03  1.0839712E-12
  6.2562563E-03  1.1060858E-12
  6.3813813E-03  1.1282000E-12
  6.5065064E-03  1.1503136E-12
  6.6316314E-03  1.1724268E-12
  6.7567569E-03  1.1945396E-12
  6.8818820E-03  1.2166519E-12
  7.0070070E-03  1.2387636E-12
  7.1321321E-03  1.2608750E-12
  7.2572571E-03  1.2829858E-12
  7.3823822E-03  1.3050960E-12
  7.5075077E-03  1.3272057E-12
  7.6326327E-03  1.3493150E-12
  7.7577578E-03  1.3714237E-12
  7.8828828E-03  1.3935318E-12
  8.0080079E-03  1.4156394E-12
  8.1331329E-03  1.4377464E-12
  8.2582580E-03  1.4598529E-12
  8.3833830E-03  1.4819587E-12
  8.5085081E-03  1.5040639E-12
  8.6336341E-03  1.5261686E-12
  8.7587591E-03  1.5482727E-12
  8.8838842E-03  1.5703761E-12
  9.0090092E-03  1.5924789E-12
  9.1341343E-03  1.6145811E-12
  9.2592593E-03  1.6366827E-12
  9.3843844E-03  1.6587835E-12
  9.5095094E-03  1.6808837E-12
  9.6346345E-03  1.7029832E-12
  9.7597595E-03  1.7250821E-12
  9.8848846E-03  1.7471803E-12
  1.0010010E-02  1.7692778E-12
  1.0135135E-02  1.7913744E-12
  1.0260261E-02  1.8134705E-12
  1.0385386E-02  1.8355658E-12
  1.0510511E-02  1.8576605E-12
  1.0635636E-02  1.8797544E-12
  1.0760761E-02  1.9018474E-12
  1.0885886E-02  1.9239397E-12
  1.1011011E-02  1.9460312E-12
  1.1136136E-02  1.9681221E-12
  1.1261261E-02  1.9902120E-12
  1.1386386E-02  2.0123013E-12
  1.1511511E-02  2.0343898E-12
  1.1636636E-02  2.0564774E-12
  1.1761762E-02  2.0785641E-12
  1.1886887E-02  2.1006502E-12
  1.2012012E-02  2.1227351E-12
  1.2137137E-02  2.1448195E-12
  1.2262262E-02  2.1669027E-12
  1.2387387E-02  2.1889853E-12
  1.2512513E-02  2.2110670E-12
  1.2637638E-02  2.2331477E-12
  1.2762763E-02  2.2552277E-12
  1.2887888E-02  2.2773066E-12
  1.3013013E-02  2.2993846E-12
  1.3138138E-02  2.3214618E-12
  1.3263263E-02  2.3435381E-12
  1.3388389E-02  2.3656133E-12
  1.3513514E-02  2.3876877E-12
  1.3638639E-02  2.4097612E-12
  1.3763764E-02  2.4318336E-12
  1.3888889E-02  2.4539051E-12
  1.4014014E-02  2.4759756E-12
  1.4139139E-02  2.4980450E-12
  1.4264264E-02  2.5201135E-12
  1.4389389E-02  2.5421811E-12
  1.4514514E-02  2.5642474E-12
  1.4639639E-02  2.5863129E-12
  1.4764764E-02  2.6083775E-12
  1.4889890E-02  2.6304408E-12
  1.5015015E-02  2.6525030E-12
  1.5140140E-02  2.6745643E-12
  1.5265265E-02  2.6966246E-12
  1.5390391E-02  2.7186838E-12
  1.5515516E-02  2.7407417E-12
  1.5640641E-02  2.7627987E-12
  1.5765766E-02  2.7848546E-12
  1.5890891E-02  2.8069092E-12
  1.6016016E-02  2.8289628E-12
  1.6141141E-02  2.8510154E-12
  1.6266266E-02  2.8730666E-12
  1.6391391E-02  2.8951169E-12
  1.6516516E-02  2.9171659E-12
  1.6641641E-02  2.9392138E-12
  1.6766766E-02  2.9612604E-12
  1.6891891E-02  2.9833059E-12
  1.7017016E-02  3.0053503E-12
  1.7142141E-02  3.0273934E-12
  1.7267268E-02  3.0494353E-12
  1.7392393E-02  3.0714760E-12
  1.7517518E-02  3.0935155E-12
  1.7642643E-02  3.1155538E-12
  1.7767768E-02  3.1375907E-12
  1.7892893E-02  3.1596264E-12
  1.8018018E-02  3.1816609E-12
  1.8143144E-02  3.2036943E-12
  1.8268269E-02  3.2257261E-12
  1.8393394E-02  3.2477567E-12
  1.8518519E-02  3.2697861E-12
  1.8643644E-02  3.2918141E-12
  1.8768769E-02  3.3138410E-12
  1.8893894E-02  3.3358663E-12
  1.9019019E-02  3.3578904E-12
  1.9144144E-02  3.3799131E-12
  1.9269269E-02  3.4019346E-12
  1.9394394E-02  3.4239545E-12
  1.9519519E-02  3.4459731E-12
  1.9644644E-02  3.4679904E-12
  1.9769769E-02  3.4900062E-12
  1.9894894E-02  3.5120208E-12
  2.0020019E-02  3.5340340E-12
  2.0145144E-02  3.5560456E-12
  2.0270269E-02  3.5780560E-12
  2.0395396E-02  3.6000647E-12
  2.0520521E-02  3.6220723E-12
  2.0645646E-02  3.6440781E-12
  2.0770771E-02  3.6660826E-12
  2.0895896E-02  3.6880859E-12
  2.1021022E-02  3.7100874E-12
  2.1146147E-02  3.7320876E-12
  2.1271272E-02  3.7540860E-12
  2.1396397E-02  3.7760832E-12
  2.1521522E-02  3.7980786E-12
  2.1646647E-02  3.8200727E-12
  2.1771772E-02  3.8420656E-12
  2.1896897E-02  3.8640562E-12
  2.2022022E-02  3.8860460E-12
  2.2147147E-02  3.9080336E-12
  2.2272272E-02  3.9300204E-12
  2.2397397E-02  3.9520050E-12
  2.2522522E-02  3.9739882E-12
  2.2647647E-02  3.9959698E-12
  2.2772772E-02  4.0179500E-12
  2.2897897E-02  4.0399285E-12
  2.3023022E-02  4.0619053E-12
  2.3148147E-02  4.0838804E-12
  2.3273272E-02  4.1058541E-12
  2.3398397E-02  4.1278261E-12
  2.3523524E-02  4.1497964E-12
  2.3648649E-02  4.1717649E-12
  2.3773775E-02  4.1937317E-12
  2.3898900E-02  4.2156972E-12
  2.4024025E-02  4.2376610E-12
  2.4149150E-02  4.2596226E-12
  2.4274275E-02  4.2815829E-12
  2.4399400E-02  4.3035415E-12
  2.4524525E-02  4.3254983E-12
  2.4649650E-02  4.3474534E-12
  2.4774775E-02  4.3694067E-12
  2.4899900E-02  4.3913584E-12
  2.5025025E-02  4.4133083E-12
  2.5150150E-02  4.4352564E-12
  2.5275275E-02  4.4572028E-12
  2.5400400E-02  4.4791471E-12
  2.5525525E-02  4.5010900E-12
  2.5650650E-02  4.5230308E-12
  2.5775775E-02  4.5449703E-12
  2.5900900E-02  4.5669076E-12
  2.6026025E-02  4.5888432E-12
  2.6151150E-02  4.6107766E-12
  2.6276276E-02  4.6327087E-12
  2.6401401E-02  4.6546387E-12
  2.6526526E-02  4.6765669E-12
  2.6651653E-02  4.6984933E-12
  2.6776778E-02  4.7204176E-12
  2.6901903E-02  4.7423402E-12
  2.7027028E-02  4.7642606E-12
  2.7152153E-02  4.7861797E-12
  2.7277278E-02  4.8080962E-12
  2.7402403E-02  4.8300114E-12
  2.7527528E-02  4.8519244E-12
  2.7652653E-02  4.8738353E-12
  2.7777778E-02  4.8957444E-12
  2.7902903E-02  4.9176518E-12
  2.8028028E-02  4.9395570E-12
  2.8153153E-02  4.9614601E-12
  2.8278278E-02  4.9833614E-12
  2.8403403E-02  5.0052605E-12
  2.8528528E-02  5.0271579E-12
  2.8653653E-02  5.0490532E-12
  2.8778778E-02  5.0709463E-12
  2.8903903E-02  5.0928376E-12
  2.9029028E-02  5.1147268E-12
  2.9154154E-02  5.1366142E-12
  2.9279279E-02  5.1584991E-12
  2.9404404E-02  5.1803822E-12
  2.9529529E-02  5.2022631E-12
  2.9654654E-02  5.2241423E-12
  2.9779781E-02  5.2460189E-12
  2.9904906E-02  5.2678938E-12
  3.0030031E-02  5.2897665E-12
  3.0155156E-02  5.3116370E-12
  3.0280281E-02  5.3335053E-12
  3.0405406E-02  5.3553720E-12
  3.0530531E-02  5.3772360E-12
  3.0655656E-02  5.3990978E-12
  3.0780781E-02  5.4209580E-12
  3.0905906E-02  5.4428155E-12
  3.1031031E-02  5.4646713E-12
  3.1156156E-02  5.4865244E-12
  3.1281281E-02  5.5083759E-12
  3.1406406E-02  5.5302247E-12
  3.1531531E-02  5.5520714E-12
  3.1656656E-02  5.5739159E-12
  3.1781781E-02  5.5957582E-12
  3.1906907E-02  5.6175984E-12
  3.2032032E-02  5.6394364E-12
  3.2157157E-02  5.6612722E-12
  3.2282282E-02  5.6831055E-12
  3.2407407E-02  5.7049365E-12
  3.2532532E-02  5.7267654E-12
  3.2657657E-02  5.7485921E-12
  3.2782782E-02  5.7704163E-12
  3.2907907E-02  5.7922382E-12
  3.3033032E-02  5.8140580E-12
  3.3158157E-02  5.8358752E-12
  3.3283282E-02  5.8576902E-12
  3.3408407E-02  5.8795030E-12
  3.3533532E-02  5.9013133E-12
  3.3658657E-02  5.9231214E-12
  3.3783782E-02  5.9449268E-12
  3.3908907E-02  5.9667301E-12
  3.4034032E-02  5.9885313E-12
  3.4159157E-02  6.0103298E-12
  3.4284282E-02  6.0321258E-12
  3.4409411E-02  6.0539195E-12
  3.4534536E-02  6.0757107E-12
  3.4659661E-02  6.0974997E-12
  3.4784786E-02  6.1192861E-12
  3.4909911E-02  6.1410703E-12
  3.5035037E-02  6.1628519E-12
  3.5160162E-02  6.1846309E-12
  3.5285287E-02  6.2064078E-12
  3.5410412E-02  6.2281820E-12
  3.5535537E-02  6.2499537E-12
  3.5660662E-02  6.2717227E-12
  3.5785787E-02  6.2934896E-12
  3.5910912E-02  6.3152539E-12
  3.6036037E-02  6.3370155E-12
  3.6161162E-02  6.3587746E-12
  3.6286287E-02  6.3805311E-12
  3.6411412E-02  6.4022854E-12
  3.6536537E-02  6.4240371E-12
  3.6661662E-02  6.4457862E-12
  3.6786787E-02  6.4675322E-12
  3.6911912E-02  6.4892761E-12
  3.7037037E-02  6.5110174E-12
  3.7162162E-02  6.5327561E-12
  3.7287287E-02  6.5544922E-12
  3.7412412E-02  6.5762257E-12
  3.7537538E-02  6.5979566E-12
  3.7662663E-02  6.6196848E-12
  3.7787788E-02  6.6414105E-12
  3.7912913E-02  6.6631336E-12
  3.8038038E-02  6.6848541E-12
  3.8163163E-02  6.7065715E-12
  3.8288288E-02  6.7282863E-12
  3.8413413E-02  6.7499990E-12
  3.8538538E-02  6.7717086E-12
  3.8663663E-02  6.7934152E-12
  3.8788788E-02  6.8151196E-12
  3.8913913E-02  6.8368210E-12
  3.9039038E-02  6.8585198E-12
  3.9164163E-02  6.8802160E-12
  3.9289288E-02  6.9019092E-12
  3.9414413E-02  6.9236001E-12
  3.9539538E-02  6.9452877E-12
  3.9664663E-02  6.9669730E-12
  3.9789788E-02  6.9886553E-12
  3.9914913E-02  7.0103346E-12
  4.0040039E-02  7.0320113E-12
  4.0165164E-02  7.0536853E-12
  4.0290289E-02  7.0753564E-12
  4.0415414E-02  7.0970248E-12
  4.0540539E-02  7.1186902E-12
  4.0665668E-02  7.1403530E-12
  4.0790793E-02  7.1620127E-12
  4.0915918E-02  7.1836699E-12
  4.1041043E-02  7.2053240E-12
  4.1166168E-02  7.2269751E-12
  4.1291293E-02  7.2486236E-12
  4.1416418E-02  7.2702690E-12
  4.1541543E-02  7.2919119E-12
  4.1666668E-02  7.3135508E-12
  4.1791793E-02  7.3351880E-12
  4.1916918E-02  7.3568217E-12
  4.2042043E-02  7.3784529E-12
  4.2167168E-02  7.4000805E-12
  4.2292293E-02  7.4217056E-12
  4.2417418E-02  7.4433281E-12
  4.2542543E-02  7.4649471E-12
  4.2667668E-02  7.4865635E-12
  4.2792793E-02  7.5081764E-12
  4.2917918E-02  7.5297867E-12
  4.3043043E-02  7.5513944E-12
  4.3168169E-02  7.5729987E-12
  4.3293294E-02  7.5945994E-12
  4.3418419E-02  7.6161976E-12
  4.3543544E-02  7.6377932E-12
  4.3668669E-02  7.6593853E-12
  4.3793794E-02  7.6809739E-12
  4.3918919E-02  7.7025608E-12
  4.4044044E-02  7.7241434E-12
  4.4169169E-02  7.7457233E-12
  4.4294294E-02  7.7672998E-12
  4.4419419E-02  7.7888737E-12
  4.4544544E-02  7.8104450E-12
  4.4669669E-02  7.8320119E-12
  4.4794794E-02  7.8535763E-12
  4.4919919E-02  7.8751380E-12
  4.5045044E-02  7.8966963E-12
  4.5170169E-02  7.9182511E-12
  4.5295294E-02  7.9398033E-12
  4.5420419E-02  7.9613521E-12
  4.5545544E-02  7.9828973E-12
  4.5670670E-02  8.0044400E-12
  4.5795795E-02  8.0259792E-12
  4.5920920E-02  8.0475158E-12
  4.6046045E-02  8.0690480E-12
  4.6171170E-02  8.0905777E-12
  4.6296295E-02  8.1121047E-12
  4.6421420E-02  8.1336275E-12
  4.6546545E-02  8.1551476E-12
  4.6671670E-02  8.1766642E-12
  4.6796795E-02  8.1981782E-12
  4.6921924E-02  8.2196880E-12
  4.7047049E-02  8.2411951E-12
  4.7172174E-02  8.2626987E-12
  4.7297299E-02  8.2841997E-12
  4.7422424E-02  8.3056964E-12
  4.7547549E-02  8.3271905E-12
  4.7672674E-02  8.3486811E-12
  4.7797799E-02  8.3701683E-12
  4.7922924E-02  8.3916520E-12
  4.8048049E-02  8.4131330E-12
  4.8173174E-02  8.4346098E-12
  4.8298299E-02  8.4560839E-12
  4.8423424E-02  8.4775546E-12
  4.8548549E-02  8.4990218E-12
  4.8673674E-02  8.5204855E-12
  4.8798800E-02  8.5419458E-12
  4.8923925E-02  8.5634026E-12
  4.9049050E-02  8.5848568E-12
  4.9174175E-02  8.6063066E-12
  4.9299300E-02  8.6277539E-12
  4.9424425E-02  8.6491968E-12
  4.9549550E-02  8.6706371E-12
  4.9674675E-02  8.6920731E-12
  4.9799800E-02  8.7135065E-12
  4.9924925E-02  8.7349364E-12
  5.0050050E-02  8.7563620E-12
  5.0175175E-02  8.7777849E-12
  5.0300300E-02  8.7992044E-12
  5.0425425E-02  8.8206196E-12
  5.0550550E-02  8.8420321E-12
  5.0675675E-02  8.8634404E-12
  5.0800800E-02  8.8848460E-12
  5.0925925E-02  8.9062473E-12
  5.1051050E-02  8.9276459E-12
  5.1176175E-02  8.9490403E-12
  5.1301301E-02  8.9704312E-12
  5.1426426E-02  8.9918186E-12
  5.1551551E-02  9.0132025E-12
  5.1676676E-02  9.0345830E-12
  5.1801801E-02  9.0559600E-12
  5.1926926E-02  9.0773326E-12
  5.2052051E-02  9.0987027E-12
  5.2177176E-02  9.1200684E-12
  5.2302301E-02  9.1414307E-12
  5.2427426E-02  9.1627895E-12
  5.2552551E-02  9.1841448E-12
  5.2677676E-02  9.2054957E-12
  5.2802801E-02  9.2268441E-12
  5.2927926E-02  9.2481882E-12
  5.3053051E-02  9.2695287E-12
  5.3178180E-02  9.2908650E-12
  5.3303305E-02  9.3121986E-12
  5.3428430E-02  9.3335279E-12
  5.3553555E-02  9.3548537E-12
  5.3678680E-02  9.3761752E-12
  5.3803805E-02  9.3974941E-12
  5.3928930E-02  9.4188086E-12
  5.4054055E-02  9.4401188E-12
  5.4179180E-02  9.4614264E-12
  5.4304305E-02  9.4827297E-12
  5.4429431E-02  9.5040295E-12
  5.4554556E-02  9.5253250E-12
  5.4679681E-02  9.5466170E-12
  5.4804806E-02  9.5679055E-12
  5.4929931E-02  9.5891897E-12
  5.5055056E-02  9.6104704E-12
  5.5180181E-02  9.6317477E-12
  5.5305306E-02  9.6530206E-12
  5.5430431E-02  9.6742900E-12
  5.5555556E-02  9.6955551E-12
  5.5680681E-02  9.7168168E-12
  5.5805806E-02  9.7380741E-12
  5.5930931E-02  9.7593279E-12
  5.6056056E-02  9.7805783E-12
  5.6181181E-02  9.8018243E-12
  5.6306306E-02  9.8230668E-12
  5.6431431E-02  9.8443051E-12
  5.6556556E-02  9.8655389E-12
  5.6681681E-02  9.8867702E-12
  5.6806806E-02  9.9079963E-12
  5.6931932E-02  9.9292189E-12
  5.7057057E-02  9.9504380E-12
  5.7182182E-02  9.9716528E-12
  5.7307307E-02  9.9928642E-12
  5.7432432E-02  1.0014070E-11
  5.7557557E-02  1.0035274E-11
  5.7682682E-02  1.0056473E-11
  5.7807807E-02  1.0077668E-11
  5.7932932E-02  1.0098858E-11
  5.8058057E-02  1.0120045E-11
  5.8183182E-02  1.0141229E-11
  5.8308307E-02  1.0162408E-11
  5.8433432E-02  1.0183583E-11
  5.8558557E-02  1.0204754E-11
  5.8683682E-02  1.0225921E-11
  5.8808807E-02  1.0247084E-11
  5.8933932E-02  1.0268243E-11
  5.9059057E-02  1.0289397E-11
  5.9184182E-02  1.0310548E-11
  5.9309307E-02  1.0331695E-11
  5.9434436E-02  1.0352837E-11
  5.9559561E-02  1.0373975E-11
  5.9684686E-02  1.0395110E-11
  5.9809811E-02  1.0416240E-11
  5.9934936E-02  1.0437366E-11
  6.0060062E-02  1.0458488E-11
  6.0185187E-02  1.0479606E-11
  6.0310312E-02  1.0500720E-11
  6.0435437E-02  1.0521829E-11
  6.0560562E-02  1.0542935E-11
  6.0685687E-02  1.0564036E-11
  6.0810812E-02  1.0585133E-11
  6.0935937E-02  1.0606226E-11
  6.1061062E-02  1.0627314E-11
  6.1186187E-02  1.0648399E-11
  6.1311312E-02  1.0669479E-11
  6.1436437E-02  1.0690555E-11
  6.1561562E-02  1.0711627E-11
  6.1686687E-02  1.0732694E-11
  6.1811812E-02  1.0753758E-11
  6.1936937E-02  1.0774817E-11
  6.2062062E-02  1.0795872E-11
  6.2187187E-02  1.0816922E-11
  6.2312312E-02  1.0837969E-11
  6.2437437E-02  1.0859011E-11
  6.2562563E-02  1.0880049E-11
  6.2687688E-02  1.0901081E-11
  6.2812813E-02  1.0922110E-11
  6.2937938E-02  1.0943135E-11
  6.3063063E-02  1.0964156E-11
  6.3188188E-02  1.0985172E-11
  6.3313313E-02  1.1006184E-11
  6.3438438E-02  1.1027191E-11
  6.3563563E-02  1.1048194E-11
  6.3688688E-02  1.1069193E-11
  6.3813813E-02  1.1090188E-11
  6.3938938E-02  1.1111177E-11
  6.4064063E-02  1.1132163E-11
  6.4189188E-02  1.1153144E-11
  6.4314313E-02  1.1174121E-11
  6.4439438E-02  1.1195093E-11
  6.4564563E-02  1.1216061E-11
  6.4689688E-02  1.1237025E-11
  6.4814813E-02  1.1257984E-11
  6.4939938E-02  1.1278939E-11
  6.5065064E-02  1.1299889E-11
  6.5190189E-02  1.1320834E-11
  6.5315314E-02  1.1341776E-11
  6.5440439E-02  1.1362713E-11
  6.5565564E-02  1.1383645E-11
  6.5690689E-02  1.1404573E-11
  6.5815814E-02  1.1425496E-11
  6.5940939E-02  1.1446415E-11
  6.6066064E-02  1.1467329E-11
  6.6191189E-02  1.1488238E-11
  6.6316314E-02  1.1509143E-11
  6.6441439E-02  1.1530044E-11
  6.6566564E-02  1.1550941E-11
  6.6691689E-02  1.1571832E-11
  6.6816814E-02  1.1592719E-11
  6.6941939E-02  1.1613602E-11
  6.7067064E-02  1.1634480E-11
  6.7192189E-02  1.1655353E-11
  6.7317314E-02  1.1676222E-11
  6.7442439E-02  1.1697085E-11
  6.7567565E-02  1.1717945E-11
  6.7692690E-02  1.1738800E-11
  6.7817815E-02  1.1759650E-11
  6.7942940E-02  1.1780496E-11
  6.8068065E-02  1.1801336E-11
  6.8193190E-02  1.1822173E-11
  6.8318315E-02  1.1843004E-11
  6.8443440E-02  1.1863831E-11
  6.8568565E-02  1.1884653E-11
  6.8693690E-02  1.1905471E-11
  6.8818823E-02  1.1926284E-11
  6.8943948E-02  1.1947092E-11
  6.9069073E-02  1.1967895E-11
  6.9194198E-02  1.1988694E-11
  6.9319323E-02  1.2009488E-11
  6.9444448E-02  1.2030278E-11
  6.9569573E-02  1.2051062E-11
  6.9694698E-02  1.2071842E-11
  6.9819823E-02  1.2092617E-11
  6.9944948E-02  1.2113387E-11
  7.0070073E-02  1.2134152E-11
  7.0195198E-02  1.2154913E-11
  7.0320323E-02  1.2175669E-11
  7.0445448E-02  1.2196420E-11
  7.0570573E-02  1.2217167E-11
  7.0695698E-02  1.2237909E-11
  7.0820823E-02  1.2258645E-11
  7.0945948E-02  1.2279377E-11
  7.1071073E-02  1.2300104E-11
  7.1196198E-02  1.2320826E-11
  7.1321324E-02  1.2341544E-11
  7.1446449E-02  1.2362256E-11
  7.1571574E-02  1.2382964E-11
  7.1696699E-02  1.2403666E-11
  7.1821824E-02  1.2424364E-11
  7.1946949E-02  1.2445057E-11
  7.2072074E-02  1.2465745E-11
  7.2197199E-02  1.2486428E-11
  7.2322324E-02  1.2507106E-11
  7.2447449E-02  1.2527780E-11
  7.2572574E-02  1.2548448E-11
  7.2697699E-02  1.2569112E-11
  7.2822824E-02  1.2589770E-11
  7.2947949E-02  1.2610423E-11
  7.3073074E-02  1.2631072E-11
  7.3198199E-02  1.2651716E-11
  7.3323324E-02  1.2672354E-11
  7.3448449E-02  1.2692988E-11
  7.3573574E-02  1.2713617E-11
  7.3698699E-02  1.2734240E-11
  7.3823825E-02  1.2754859E-11
  7.3948950E-02  1.2775473E-11
  7.4074075E-02  1.2796081E-11
  7.4199200E-02  1.2816684E-11
  7.4324325E-02  1.2837283E-11
  7.4449450E-02  1.2857876E-11
  7.4574575E-02  1.2878465E-11
  7.4699700E-02  1.2899048E-11
  7.4824825E-02  1.2919626E-11
  7.4949950E-02  1.2940200E-11
  7.5075075E-02  1.2960768E-11
  7.5200200E-02  1.2981330E-11
  7.5325325E-02  1.3001889E-11
  7.5450450E-02  1.3022442E-11
  7.5575575E-02  1.3042989E-11
  7.5700700E-02  1.3063532E-11
  7.5825825E-02  1.3084069E-11
  7.5950950E-02  1.3104602E-11
  7.6076075E-02  1.3125129E-11
  7.6201200E-02  1.3145650E-11
  7.6326326E-02  1.3166167E-11
  7.6451451E-02  1.3186679E-11
  7.6576576E-02  1.3207185E-11
  7.6701701E-02  1.3227686E-11
  7.6826826E-02  1.3248183E-11
  7.6951951E-02  1.3268673E-11
  7.7077076E-02  1.3289159E-11
  7.7202201E-02  1.3309640E-11
  7.7327326E-02  1.3330115E-11
  7.7452451E-02  1.3350585E-11
  7.7577576E-02  1.3371049E-11
  7.7702701E-02  1.3391509E-11
  7.7827826E-02  1.3411963E-11
  7.7952951E-02  1.3432412E-11
  7.8078076E-02  1.3452856E-11
  7.8203201E-02  1.3473294E-11
  7.8328326E-02  1.3493727E-11
  7.8453451E-02  1.3514155E-11
  7.8578576E-02  1.3534577E-11
  7.8703701E-02  1.3554995E-11
  7.8828827E-02  1.3575406E-11
  7.8953952E-02  1.3595813E-11
  7.9079077E-02  1.3616214E-11
  7.9204202E-02  1.3636610E-11
  7.9329327E-02  1.3657000E-11
  7.9454452E-02  1.3677386E-11
  7.9579577E-02  1.3697765E-11
  7.9704702E-02  1.3718139E-11
  7.9829827E-02  1.3738509E-11
  7.9954952E-02  1.3758873E-11
  8.0080077E-02  1.3779230E-11
  8.0205202E-02  1.3799583E-11
  8.0330327E-02  1.3819930E-11
  8.0455452E-02  1.3840273E-11
  8.0580577E-02  1.3860609E-11
  8.0705702E-02  1.3880941E-11
  8.0830827E-02  1.3901266E-11
  8.0955952E-02  1.3921586E-11
  8.1081077E-02  1.3941901E-11
  8.1206203E-02  1.3962210E-11
  8.1331335E-02  1.3982514E-11
  8.1456460E-02  1.4002812E-11
  8.1581585E-02  1.4023105E-11
  8.1706710E-02  1.4043392E-11
  8.1831835E-02  1.4063675E-11
  8.1956960E-02  1.4083951E-11
  8.2082085E-02  1.4104221E-11
  8.2207210E-02  1.4124486E-11
  8.2332335E-02  1.4144746E-11
  8.2457460E-02  1.4165001E-11
  8.2582586E-02  1.4185249E-11
  8.2707711E-02  1.4205493E-11
  8.2832836E-02  1.4225730E-11
  8.2957961E-02  1.4245962E-11
  8.3083086E-02  1.4266188E-11
  8.3208211E-02  1.4286409E-11
  8.3333336E-02  1.4306624E-11
  8.3458461E-02  1.4326834E-11
  8.3583586E-02  1.4347037E-11
  8.3708711E-02  1.4367236E-11
  8.3833836E-02  1.4387429E-11
  8.3958961E-02  1.4407616E-11
  8.4084086E-02  1.4427797E-11
  8.4209211E-02  1.4447973E-11
  8.4334336E-02  1.4468144E-11
  8.4459461E-02  1.4488308E-11
  8.4584586E-02  1.4508466E-11
  8.4709711E-02  1.4528620E-11
  8.4834836E-02  1.4548767E-11
  8.4959961E-02  1.4568909E-11
  8.5085087E-02  1.4589045E-11
  8.5210212E-02  1.4609175E-11
  8.5335337E-02  1.4629300E-11
  8.5460462E-02  1.4649419E-11
  8.5585587E-02  1.4669531E-11
  8.5710712E-02  1.4689640E-11
  8.5835837E-02  1.4709740E-11
  8.5960962E-02  1.4729837E-11
  8.6086087E-02  1.4749927E-11
  8.6211212E-02  1.4770012E-11
  8.6336337E-02  1.4790089E-11
  8.6461462E-02  1.4810164E-11
  8.6586587E-02  1.4830229E-11
  8.6711712E-02  1.4850291E-11
  8.6836837E-02  1.4870346E-11
  8.6961962E-02  1.4890396E-11
  8.7087087E-02  1.4910439E-11
  8.7212212E-02  1.4930479E-11
  8.7337337E-02  1.4950510E-11
  8.7462462E-02  1.4970537E-11
  8.7587588E-02  1.4990557E-11
  8.7712713E-02  1.5010571E-11
  8.7837838E-02  1.5030579E-11
  8.7962963E-02  1.5050582E-11
  8.8088088E-02  1.5070580E-11
  8.8213213E-02  1.5090571E-11
  8.8338338E-02  1.5110555E-11
  8.8463463E-02  1.5130536E-11
  8.8588588E-02  1.5150509E-11
  8.8713713E-02  1.5170476E-11
  8.8838838E-02  1.5190437E-11
  8.8963963E-02  1.5210394E-11
  8.9089088E-02  1.5230343E-11
  8.9214213E-02  1.5250287E-11
  8.9339338E-02  1.5270224E-11
  8.9464463E-02  1.5290156E-11
  8.9589588E-02  1.5310081E-11
  8.9714713E-02  1.5330001E-11
  8.9839838E-02  1.5349916E-11
  8.9964963E-02  1.5369823E-11
  9.0090089E-02  1.5389724E-11
  9.0215214E-02  1.5409621E-11
  9.0340339E-02  1.5429510E-11
  9.0465464E-02  1.5449394E-11
  9.0590589E-02  1.5469272E-11
  9.0715714E-02  1.5489143E-11
  9.0840839E-02  1.5509009E-11
  9.0965964E-02  1.5528870E-11
  9.1091089E-02  1.5548722E-11
  9.1216214E-02  1.5568571E-11
  9.1341339E-02  1.5588411E-11
  9.1466464E-02  1.5608247E-11
  9.1591589E-02  1.5628077E-11
  9.1716714E-02  1.5647900E-11
  9.1841839E-02  1.5667717E-11
  9.1966964E-02  1.5687528E-11
  9.2092089E-02  1.5707331E-11
  9.2217214E-02  1.5727131E-11
  9.2342339E-02  1.5746923E-11
  9.2467465E-02  1.5766709E-11
  9.2592590E-02  1.5786490E-11
  9.2717715E-02  1.5806264E-11
  9.2842840E-02  1.5826031E-11
  9.2967965E-02  1.5845793E-11
  9.3093090E-02  1.5865550E-11
  9.3218215E-02  1.5885298E-11
  9.3343340E-02  1.5905043E-11
  9.3468465E-02  1.5924779E-11
  9.3593590E-02  1.5944510E-11
  9.3718715E-02  1.5964235E-11
  9.3843848E-02  1.5983954E-11
  9.3968973E-02  1.6003665E-11
  9.4094098E-02  1.6023372E-11
  9.4219223E-02  1.6043071E-11
  9.4344348E-02  1.6062764E-11
  9.4469473E-02  1.6082451E-11
  9.4594598E-02  1.6102132E-11
  9.4719723E-02  1.6121807E-11
  9.4844848E-02  1.6141475E-11
  9.4969973E-02  1.6161138E-11
  9.5095098E-02  1.6180793E-11
  9.5220223E-02  1.6200444E-11
  9.5345348E-02  1.6220086E-11
  9.5470473E-02  1.6239723E-11
  9.5595598E-02  1.6259353E-11
  9.5720723E-02  1.6278978E-11
  9.5845848E-02  1.6298596E-11
  9.5970973E-02  1.6318207E-11
  9.6096098E-02  1.6337813E-11
  9.6221223E-02  1.6357412E-11
  9.6346349E-02  1.6377004E-11
  9.6471474E-02  1.6396591E-11
  9.6596599E-02  1.6416171E-11
  9.6721724E-02  1.6435743E-11
  9.6846849E-02  1.6455309E-11
  9.6971974E-02  1.6474870E-11
  9.7097099E-02  1.6494426E-11
  9.7222224E-02  1.6513972E-11
  9.7347349E-02  1.6533514E-11
  9.7472474E-02  1.6553049E-11
  9.7597599E-02  1.6572577E-11
  9.7722724E-02  1.6592099E-11
  9.7847849E-02  1.6611615E-11
  9.7972974E-02  1.6631124E-11
  9.8098099E-02  1.6650627E-11
  9.8223224E-02  1.6670124E-11
  9.8348349E-02  1.6689613E-11
  9.8473474E-02  1.6709096E-11
  9.8598599E-02  1.6728572E-11
  9.8723724E-02  1.6748042E-11
  9.8848850E-02  1.6767506E-11
  9.8973975E-02  1.6786964E-11
  9.9099100E-02  1.6806414E-11
  9.9224225E-02  1.6825858E-11
  9.9349350E-02  1.6845296E-11
  9.9474475E-02  1.6864727E-11
  9.9599600E-02  1.6884152E-11
  9.9724725E-02  1.6903569E-11
  9.9849850E-02  1.6922980E-11
  9.9974975E-02  1.6942385E-11
  0.1001001      1.6961784E-11
  0.1002252      1.6981175E-11
  0.1003504      1.7000561E-11
  0.1004755      1.7019939E-11
  0.1006006      1.7039311E-11
  0.1007257      1.7058676E-11
  0.1008509      1.7078035E-11
  0.1009760      1.7097388E-11
  0.1011011      1.7116732E-11
  0.1012262      1.7136070E-11
  0.1013514      1.7155404E-11
  0.1014765      1.7174729E-11
  0.1016016      1.7194047E-11
  0.1017267      1.7213359E-11
  0.1018519      1.7232665E-11
  0.1019770      1.7251964E-11
  0.1021021      1.7271256E-11
  0.1022272      1.7290541E-11
  0.1023524      1.7309820E-11
  0.1024775      1.7329091E-11
  0.1026026      1.7348357E-11
  0.1027277      1.7367616E-11
  0.1028529      1.7386866E-11
  0.1029780      1.7406111E-11
  0.1031031      1.7425351E-11
  0.1032282      1.7444582E-11
  0.1033534      1.7463806E-11
  0.1034785      1.7483025E-11
  0.1036036      1.7502236E-11
  0.1037287      1.7521441E-11
  0.1038539      1.7540637E-11
  0.1039790      1.7559829E-11
  0.1041041      1.7579013E-11
  0.1042292      1.7598190E-11
  0.1043544      1.7617361E-11
  0.1044795      1.7636524E-11
  0.1046046      1.7655681E-11
  0.1047297      1.7674830E-11
  0.1048549      1.7693975E-11
  0.1049800      1.7713110E-11
  0.1051051      1.7732239E-11
  0.1052302      1.7751363E-11
  0.1053554      1.7770478E-11
  0.1054805      1.7789588E-11
  0.1056056      1.7808689E-11
  0.1057307      1.7827784E-11
  0.1058559      1.7846872E-11
  0.1059810      1.7865954E-11
  0.1061061      1.7885027E-11
  0.1062312      1.7904095E-11
  0.1063564      1.7923156E-11
  0.1064815      1.7942208E-11
  0.1066066      1.7961256E-11
  0.1067317      1.7980294E-11
  0.1068569      1.7999328E-11
  0.1069820      1.8018354E-11
  0.1071071      1.8037372E-11
  0.1072322      1.8056385E-11
  0.1073574      1.8075388E-11
  0.1074825      1.8094387E-11
  0.1076076      1.8113377E-11
  0.1077327      1.8132362E-11
  0.1078579      1.8151338E-11
  0.1079830      1.8170307E-11
  0.1081081      1.8189271E-11
  0.1082332      1.8208227E-11
  0.1083584      1.8227175E-11
  0.1084835      1.8246116E-11
  0.1086086      1.8265051E-11
  0.1087337      1.8283978E-11
  0.1088589      1.8302899E-11
  0.1089840      1.8321813E-11
  0.1091091      1.8340720E-11
  0.1092342      1.8359619E-11
  0.1093594      1.8378511E-11
  0.1094845      1.8397396E-11
  0.1096096      1.8416274E-11
  0.1097347      1.8435146E-11
  0.1098599      1.8454009E-11
  0.1099850      1.8472866E-11
  0.1101101      1.8491715E-11
  0.1102352      1.8510558E-11
  0.1103604      1.8529393E-11
  0.1104855      1.8548222E-11
  0.1106106      1.8567042E-11
  0.1107357      1.8585857E-11
  0.1108609      1.8604663E-11
  0.1109860      1.8623462E-11
  0.1111111      1.8642254E-11
  0.1112362      1.8661040E-11
  0.1113614      1.8679818E-11
  0.1114865      1.8698588E-11
  0.1116116      1.8717352E-11
  0.1117367      1.8736108E-11
  0.1118619      1.8754857E-11
  0.1119870      1.8773599E-11
  0.1121121      1.8792334E-11
  0.1122372      1.8811060E-11
  0.1123624      1.8829781E-11
  0.1124875      1.8848494E-11
  0.1126126      1.8867199E-11
  0.1127377      1.8885898E-11
  0.1128629      1.8904590E-11
  0.1129880      1.8923273E-11
  0.1131131      1.8941949E-11
  0.1132382      1.8960618E-11
  0.1133634      1.8979280E-11
  0.1134885      1.8997935E-11
  0.1136136      1.9016582E-11
  0.1137387      1.9035223E-11
  0.1138639      1.9053854E-11
  0.1139890      1.9072480E-11
  0.1141141      1.9091098E-11
  0.1142392      1.9109709E-11
  0.1143644      1.9128312E-11
  0.1144895      1.9146908E-11
  0.1146146      1.9165496E-11
  0.1147397      1.9184078E-11
  0.1148649      1.9202652E-11
  0.1149900      1.9221218E-11
  0.1151151      1.9239776E-11
  0.1152402      1.9258328E-11
  0.1153654      1.9276872E-11
  0.1154905      1.9295409E-11
  0.1156156      1.9313939E-11
  0.1157407      1.9332461E-11
  0.1158659      1.9350976E-11
  0.1159910      1.9369482E-11
  0.1161161      1.9387983E-11
  0.1162412      1.9406475E-11
  0.1163664      1.9424958E-11
  0.1164915      1.9443436E-11
  0.1166166      1.9461906E-11
  0.1167417      1.9480369E-11
  0.1168669      1.9498823E-11
  0.1169920      1.9517270E-11
  0.1171171      1.9535710E-11
  0.1172422      1.9554143E-11
  0.1173674      1.9572568E-11
  0.1174925      1.9590985E-11
  0.1176176      1.9609394E-11
  0.1177427      1.9627798E-11
  0.1178679      1.9646191E-11
  0.1179930      1.9664579E-11
  0.1181181      1.9682958E-11
  0.1182432      1.9701331E-11
  0.1183684      1.9719695E-11
  0.1184935      1.9738051E-11
  0.1186186      1.9756401E-11
  0.1187437      1.9774743E-11
  0.1188689      1.9793077E-11
  0.1189940      1.9811404E-11
  0.1191191      1.9829723E-11
  0.1192442      1.9848035E-11
  0.1193694      1.9866338E-11
  0.1194945      1.9884636E-11
  0.1196196      1.9902923E-11
  0.1197447      1.9921204E-11
  0.1198699      1.9939477E-11
  0.1199950      1.9957744E-11
  0.1201201      1.9976002E-11
  0.1202452      1.9994251E-11
  0.1203704      2.0012495E-11
  0.1204955      2.0030729E-11
  0.1206206      2.0048957E-11
  0.1207457      2.0067177E-11
  0.1208709      2.0085388E-11
  0.1209960      2.0103592E-11
  0.1211211      2.0121790E-11
  0.1212462      2.0139978E-11
  0.1213714      2.0158160E-11
  0.1214965      2.0176333E-11
  0.1216216      2.0194499E-11
  0.1217467      2.0212656E-11
  0.1218719      2.0230807E-11
  0.1219970      2.0248950E-11
  0.1221221      2.0267085E-11
  0.1222472      2.0285211E-11
  0.1223724      2.0303330E-11
  0.1224975      2.0321442E-11
  0.1226226      2.0339546E-11
  0.1227477      2.0357643E-11
  0.1228729      2.0375731E-11
  0.1229980      2.0393810E-11
  0.1231231      2.0411884E-11
  0.1232482      2.0429948E-11
  0.1233734      2.0448004E-11
  0.1234985      2.0466054E-11
  0.1236236      2.0484095E-11
  0.1237487      2.0502130E-11
  0.1238739      2.0520155E-11
  0.1239990      2.0538172E-11
  0.1241241      2.0556182E-11
  0.1242492      2.0574185E-11
  0.1243744      2.0592179E-11
  0.1244995      2.0610165E-11
  0.1246246      2.0628143E-11
  0.1247497      2.0646115E-11
  0.1248749      2.0664076E-11
  0.1250000      2.0682032E-11
