.00000000E+00 .13088500E+02 .11262200E+02 .36678000E+01
.75370370E+04 .13088488E+02 .11262191E+02 .36677938E+01
.15074074E+05 .13088451E+02 .11262164E+02 .36677751E+01
.22611111E+05 .13088389E+02 .11262120E+02 .36677440E+01
.30148148E+05 .13088302E+02 .11262057E+02 .36677004E+01
.37685185E+05 .13088191E+02 .11261977E+02 .36676444E+01
.45222222E+05 .13088055E+02 .11261879E+02 .36675759E+01
.52759259E+05 .13087894E+02 .11261764E+02 .36674950E+01
.60296296E+05 .13087708E+02 .11261630E+02 .36674016E+01
.67833333E+05 .13087498E+02 .11261479E+02 .36672958E+01
.75370370E+05 .13087263E+02 .11261309E+02 .36671776E+01
.82907407E+05 .13087003E+02 .11261122E+02 .36670468E+01
.90444444E+05 .13086719E+02 .11260917E+02 .36669037E+01
.97981481E+05 .13086410E+02 .11260695E+02 .36667481E+01
.10551852E+06 .13086076E+02 .11260454E+02 .36665800E+01
.11305556E+06 .13085717E+02 .11260196E+02 .36663995E+01
.12059259E+06 .13085333E+02 .11259920E+02 .36662065E+01
.12812963E+06 .13084925E+02 .11259626E+02 .36660011E+01
.13566667E+06 .13084492E+02 .11259314E+02 .36657833E+01
.14320370E+06 .13084035E+02 .11258985E+02 .36655530E+01
.15074074E+06 .13083552E+02 .11258637E+02 .36653102E+01
.15827778E+06 .13083045E+02 .11258272E+02 .36650550E+01
.16581481E+06 .13082513E+02 .11257889E+02 .36647874E+01
.17335185E+06 .13081957E+02 .11257488E+02 .36645073E+01
.18088889E+06 .13081375E+02 .11257070E+02 .36642147E+01
.18842593E+06 .13080769E+02 .11256633E+02 .36639097E+01
.19596296E+06 .13080138E+02 .11256179E+02 .36635923E+01
.20350000E+06 .13079483E+02 .11255707E+02 .36632624E+01
.21103704E+06 .13078802E+02 .11255217E+02 .36629200E+01
.21857407E+06 .13078097E+02 .11254709E+02 .36625652E+01
.22611111E+06 .13077368E+02 .11254184E+02 .36621980E+01
.23364815E+06 .13076613E+02 .11253641E+02 .36618183E+01
.24118519E+06 .13075834E+02 .11253080E+02 .36614261E+01
.24872222E+06 .13075030E+02 .11252501E+02 .36610216E+01
.25625926E+06 .13074201E+02 .11251904E+02 .36606045E+01
.26379630E+06 .13073348E+02 .11251289E+02 .36601750E+01
.27133333E+06 .13072469E+02 .11250657E+02 .36597331E+01
.27887037E+06 .13071566E+02 .11250007E+02 .36592787E+01
.28640741E+06 .13070639E+02 .11249339E+02 .36588119E+01
.29394444E+06 .13069686E+02 .11248653E+02 .36583326E+01
.30148148E+06 .13068709E+02 .11247949E+02 .36578409E+01
.30901852E+06 .13067707E+02 .11247228E+02 .36573367E+01
.31655556E+06 .13066681E+02 .11246489E+02 .36568200E+01
.32409259E+06 .13065629E+02 .11245732E+02 .36562910E+01
.33162963E+06 .13064553E+02 .11244957E+02 .36557494E+01
.33916667E+06 .13063452E+02 .11244164E+02 .36551955E+01
.34670370E+06 .13062327E+02 .11243353E+02 .36546290E+01
.35424074E+06 .13061176E+02 .11242525E+02 .36540502E+01
.36177778E+06 .13060001E+02 .11241679E+02 .36534588E+01
.36931481E+06 .13058801E+02 .11240815E+02 .36528551E+01
.37685185E+06 .13057577E+02 .11239933E+02 .36522388E+01
.38438889E+06 .13056327E+02 .11239034E+02 .36516102E+01
.39192593E+06 .13055053E+02 .11238116E+02 .36509690E+01
.39946296E+06 .13053755E+02 .11237181E+02 .36503155E+01
.40700000E+06 .13052431E+02 .11236228E+02 .36496495E+01
.41453704E+06 .13051083E+02 .11235257E+02 .36489710E+01
.42207407E+06 .13049710E+02 .11234269E+02 .36482801E+01
.42961111E+06 .13048312E+02 .11233262E+02 .36475767E+01
.43714815E+06 .13046890E+02 .11232238E+02 .36468609E+01
.44468519E+06 .13045442E+02 .11231196E+02 .36461326E+01
.45222222E+06 .13043971E+02 .11230136E+02 .36453919E+01
.45975926E+06 .13042474E+02 .11229058E+02 .36446388E+01
.46729630E+06 .13040952E+02 .11227963E+02 .36438732E+01
.47483333E+06 .13039406E+02 .11226849E+02 .36430951E+01
.48237037E+06 .13037835E+02 .11225718E+02 .36423046E+01
.48990741E+06 .13036240E+02 .11224569E+02 .36415016E+01
.49744444E+06 .13034619E+02 .11223402E+02 .36406862E+01
.50498148E+06 .13032974E+02 .11222218E+02 .36398584E+01
.51251852E+06 .13031304E+02 .11221015E+02 .36390181E+01
.52005556E+06 .13029610E+02 .11219795E+02 .36381653E+01
.52759259E+06 .13027890E+02 .11218557E+02 .36373001E+01
.53512963E+06 .13026146E+02 .11217301E+02 .36364225E+01
.54266667E+06 .13024378E+02 .11216028E+02 .36355324E+01
.55020370E+06 .13022584E+02 .11214736E+02 .36346298E+01
.55774074E+06 .13020766E+02 .11213427E+02 .36337148E+01
.56527778E+06 .13018923E+02 .11212100E+02 .36327874E+01
.57281481E+06 .13017055E+02 .11210755E+02 .36318475E+01
.58035185E+06 .13015162E+02 .11209392E+02 .36308951E+01
.58788889E+06 .13013245E+02 .11208012E+02 .36299304E+01
.59542593E+06 .13011303E+02 .11206613E+02 .36289531E+01
.60296296E+06 .13009337E+02 .11205197E+02 .36279634E+01
.61050000E+06 .13007345E+02 .11203763E+02 .36269613E+01
.61803704E+06 .13005329E+02 .11202311E+02 .36259467E+01
.62557407E+06 .13003288E+02 .11200842E+02 .36249197E+01
.63311111E+06 .13001222E+02 .11199354E+02 .36238802E+01
.64064815E+06 .12999132E+02 .11197849E+02 .36228282E+01
.64818519E+06 .12997017E+02 .11196326E+02 .36217639E+01
.65572222E+06 .12994877E+02 .11194785E+02 .36206870E+01
.66325926E+06 .12992712E+02 .11193227E+02 .36195977E+01
.67079630E+06 .12990523E+02 .11191650E+02 .36184960E+01
.67833333E+06 .12988309E+02 .11190056E+02 .36173818E+01
.68587037E+06 .12986070E+02 .11188444E+02 .36162552E+01
.69340741E+06 .12983806E+02 .11186814E+02 .36151161E+01
.70094444E+06 .12981518E+02 .11185166E+02 .36139646E+01
.70848148E+06 .12979205E+02 .11183501E+02 .36128006E+01
.71601852E+06 .12976867E+02 .11181817E+02 .36116242E+01
.72355556E+06 .12974505E+02 .11180116E+02 .36104353E+01
.73109259E+06 .12972117E+02 .11178397E+02 .36092340E+01
.73862963E+06 .12969705E+02 .11176660E+02 .36080202E+01
.74616667E+06 .12967269E+02 .11174906E+02 .36067940E+01
.75370370E+06 .12964807E+02 .11173133E+02 .36055553E+01
.76124074E+06 .12962321E+02 .11171343E+02 .36043042E+01
.76877778E+06 .12959810E+02 .11169535E+02 .36030407E+01
.77631481E+06 .12957274E+02 .11167709E+02 .36017646E+01
.78385185E+06 .12954714E+02 .11165865E+02 .36004762E+01
.79138889E+06 .12952129E+02 .11164004E+02 .35991753E+01
.79892593E+06 .12949519E+02 .11162124E+02 .35978619E+01
.80646296E+06 .12946884E+02 .11160227E+02 .35965361E+01
.81400000E+06 .12944225E+02 .11158312E+02 .35951978E+01
.82153704E+06 .12941540E+02 .11156380E+02 .35938471E+01
.82907407E+06 .12938832E+02 .11154429E+02 .35924840E+01
.83661111E+06 .12936098E+02 .11152461E+02 .35911084E+01
.84414815E+06 .12933340E+02 .11150475E+02 .35897203E+01
.85168519E+06 .12930556E+02 .11148470E+02 .35883198E+01
.85922222E+06 .12927749E+02 .11146449E+02 .35869068E+01
.86675926E+06 .12924916E+02 .11144409E+02 .35854814E+01
.87429630E+06 .12922059E+02 .11142352E+02 .35840436E+01
.88183333E+06 .12919177E+02 .11140276E+02 .35825933E+01
.88937037E+06 .12916270E+02 .11138183E+02 .35811305E+01
.89690741E+06 .12913338E+02 .11136072E+02 .35796553E+01
.90444444E+06 .12910382E+02 .11133944E+02 .35781677E+01
.91198148E+06 .12907401E+02 .11131797E+02 .35766676E+01
.91951852E+06 .12904395E+02 .11129633E+02 .35751551E+01
.92705556E+06 .12901365E+02 .11127451E+02 .35736301E+01
.93459259E+06 .12898310E+02 .11125251E+02 .35720926E+01
.94212963E+06 .12895230E+02 .11123033E+02 .35705427E+01
.94966667E+06 .12892125E+02 .11120797E+02 .35689804E+01
.95720370E+06 .12888996E+02 .11118544E+02 .35674056E+01
.96474074E+06 .12885841E+02 .11116273E+02 .35658184E+01
.97227778E+06 .12882663E+02 .11113984E+02 .35642187E+01
.97981481E+06 .12879459E+02 .11111677E+02 .35626065E+01
.98735185E+06 .12876231E+02 .11109352E+02 .35609820E+01
.99488889E+06 .12872977E+02 .11107010E+02 .35593449E+01
.10024259E+07 .12869700E+02 .11104650E+02 .35576954E+01
.10099630E+07 .12866397E+02 .11102272E+02 .35560335E+01
.10175000E+07 .12863070E+02 .11099876E+02 .35543591E+01
.10250370E+07 .12859717E+02 .11097462E+02 .35526723E+01
.10325741E+07 .12856341E+02 .11095030E+02 .35509730E+01
.10401111E+07 .12852939E+02 .11092581E+02 .35492613E+01
.10476481E+07 .12849513E+02 .11090114E+02 .35475371E+01
.10551852E+07 .12846062E+02 .11087629E+02 .35458005E+01
.10627222E+07 .12842586E+02 .11085126E+02 .35440514E+01
.10702593E+07 .12839086E+02 .11082606E+02 .35422899E+01
.10777963E+07 .12835560E+02 .11080067E+02 .35405159E+01
.10853333E+07 .12832010E+02 .11077511E+02 .35387295E+01
.10928704E+07 .12828436E+02 .11074937E+02 .35369306E+01
.11004074E+07 .12824836E+02 .11072345E+02 .35351193E+01
.11079444E+07 .12821212E+02 .11069735E+02 .35332955E+01
.11154815E+07 .12817563E+02 .11067108E+02 .35314593E+01
.11230185E+07 .12813889E+02 .11064463E+02 .35296106E+01
.11305556E+07 .12810191E+02 .11061800E+02 .35277495E+01
.11380926E+07 .12806468E+02 .11059119E+02 .35258760E+01
.11456296E+07 .12802720E+02 .11056420E+02 .35239900E+01
.11531667E+07 .12798947E+02 .11053703E+02 .35220915E+01
.11607037E+07 .12795150E+02 .11050969E+02 .35201806E+01
.11682407E+07 .12791328E+02 .11048217E+02 .35182572E+01
.11757778E+07 .12787481E+02 .11045447E+02 .35163214E+01
.11833148E+07 .12783609E+02 .11042659E+02 .35143732E+01
.11908519E+07 .12779713E+02 .11039853E+02 .35124124E+01
.11983889E+07 .12775792E+02 .11037030E+02 .35104393E+01
.12059259E+07 .12771846E+02 .11034189E+02 .35084537E+01
.12134630E+07 .12767875E+02 .11031330E+02 .35064556E+01
.12209988E+07 .12763881E+02 .11028453E+02 .35044455E+01
.12210012E+07 .12166588E+02 .10356005E+02 .00000000E+00
.12352075E+07 .12159264E+02 .10347759E+02 .00000000E+00
.12494151E+07 .12151872E+02 .10339482E+02 .00000000E+00
.12636226E+07 .12144411E+02 .10331173E+02 .00000000E+00
.12778302E+07 .12136881E+02 .10322832E+02 .00000000E+00
.12920377E+07 .12129281E+02 .10314457E+02 .00000000E+00
.13062453E+07 .12121612E+02 .10306048E+02 .00000000E+00
.13204528E+07 .12113873E+02 .10297604E+02 .00000000E+00
.13346604E+07 .12106064E+02 .10289123E+02 .00000000E+00
.13488679E+07 .12098184E+02 .10280605E+02 .00000000E+00
.13630755E+07 .12090232E+02 .10272050E+02 .00000000E+00
.13772830E+07 .12082209E+02 .10263455E+02 .00000000E+00
.13914906E+07 .12074114E+02 .10254821E+02 .00000000E+00
.14056981E+07 .12065947E+02 .10246146E+02 .00000000E+00
.14199057E+07 .12057708E+02 .10237429E+02 .00000000E+00
.14341132E+07 .12049395E+02 .10228670E+02 .00000000E+00
.14483208E+07 .12041009E+02 .10219867E+02 .00000000E+00
.14625283E+07 .12032549E+02 .10211020E+02 .00000000E+00
.14767358E+07 .12024015E+02 .10202128E+02 .00000000E+00
.14909434E+07 .12015407E+02 .10193190E+02 .00000000E+00
.15051509E+07 .12006724E+02 .10184205E+02 .00000000E+00
.15193585E+07 .11997965E+02 .10175172E+02 .00000000E+00
.15335660E+07 .11989131E+02 .10166090E+02 .00000000E+00
.15477736E+07 .11980222E+02 .10156958E+02 .00000000E+00
.15619811E+07 .11971235E+02 .10147776E+02 .00000000E+00
.15761887E+07 .11962172E+02 .10138542E+02 .00000000E+00
.15903962E+07 .11953033E+02 .10129256E+02 .00000000E+00
.16046038E+07 .11943815E+02 .10119917E+02 .00000000E+00
.16188113E+07 .11934520E+02 .10110523E+02 .00000000E+00
.16330189E+07 .11925147E+02 .10101074E+02 .00000000E+00
.16472264E+07 .11915695E+02 .10091569E+02 .00000000E+00
.16614340E+07 .11906165E+02 .10082007E+02 .00000000E+00
.16756415E+07 .11896555E+02 .10072387E+02 .00000000E+00
.16898491E+07 .11886865E+02 .10062708E+02 .00000000E+00
.17040566E+07 .11877096E+02 .10052970E+02 .00000000E+00
.17182642E+07 .11867246E+02 .10043171E+02 .00000000E+00
.17324717E+07 .11857316E+02 .10033311E+02 .00000000E+00
.17466792E+07 .11847304E+02 .10023389E+02 .00000000E+00
.17608868E+07 .11837211E+02 .10013403E+02 .00000000E+00
.17750943E+07 .11827036E+02 .10003353E+02 .00000000E+00
.17893019E+07 .11816779E+02 .99932376E+01 .00000000E+00
.18035094E+07 .11806440E+02 .99830564E+01 .00000000E+00
.18177170E+07 .11796017E+02 .99728085E+01 .00000000E+00
.18319245E+07 .11785511E+02 .99624927E+01 .00000000E+00
.18461321E+07 .11774922E+02 .99521082E+01 .00000000E+00
.18603396E+07 .11764248E+02 .99416541E+01 .00000000E+00
.18745472E+07 .11753491E+02 .99311296E+01 .00000000E+00
.18887547E+07 .11742648E+02 .99205336E+01 .00000000E+00
.19029623E+07 .11731720E+02 .99098653E+01 .00000000E+00
.19171698E+07 .11720707E+02 .98991239E+01 .00000000E+00
.19313774E+07 .11709608E+02 .98883083E+01 .00000000E+00
.19455849E+07 .11698422E+02 .98774177E+01 .00000000E+00
.19597925E+07 .11687150E+02 .98664512E+01 .00000000E+00
.19740000E+07 .11675791E+02 .98554078E+01 .00000000E+00
.19882075E+07 .11664345E+02 .98442868E+01 .00000000E+00
.20024151E+07 .11652811E+02 .98330871E+01 .00000000E+00
.20166226E+07 .11641189E+02 .98218079E+01 .00000000E+00
.20308302E+07 .11629478E+02 .98104483E+01 .00000000E+00
.20450377E+07 .11617679E+02 .97990073E+01 .00000000E+00
.20592453E+07 .11605791E+02 .97874841E+01 .00000000E+00
.20734528E+07 .11593813E+02 .97758777E+01 .00000000E+00
.20876604E+07 .11581745E+02 .97641873E+01 .00000000E+00
.21018679E+07 .11569586E+02 .97524120E+01 .00000000E+00
.21160755E+07 .11557338E+02 .97405508E+01 .00000000E+00
.21302830E+07 .11544998E+02 .97286029E+01 .00000000E+00
.21444906E+07 .11532566E+02 .97165673E+01 .00000000E+00
.21586981E+07 .11520043E+02 .97044431E+01 .00000000E+00
.21729057E+07 .11507428E+02 .96922295E+01 .00000000E+00
.21871132E+07 .11494720E+02 .96799255E+01 .00000000E+00
.22013208E+07 .11481920E+02 .96675302E+01 .00000000E+00
.22155283E+07 .11469026E+02 .96550428E+01 .00000000E+00
.22297358E+07 .11456039E+02 .96424623E+01 .00000000E+00
.22439434E+07 .11442958E+02 .96297878E+01 .00000000E+00
.22581509E+07 .11429782E+02 .96170184E+01 .00000000E+00
.22723585E+07 .11416512E+02 .96041532E+01 .00000000E+00
.22865660E+07 .11403146E+02 .95911914E+01 .00000000E+00
.23007736E+07 .11389686E+02 .95781320E+01 .00000000E+00
.23149811E+07 .11376129E+02 .95649740E+01 .00000000E+00
.23291887E+07 .11362476E+02 .95517167E+01 .00000000E+00
.23433962E+07 .11348727E+02 .95383591E+01 .00000000E+00
.23576038E+07 .11334881E+02 .95249002E+01 .00000000E+00
.23718113E+07 .11320937E+02 .95113393E+01 .00000000E+00
.23860189E+07 .11306896E+02 .94976753E+01 .00000000E+00
.24002264E+07 .11292757E+02 .94839074E+01 .00000000E+00
.24144340E+07 .11278520E+02 .94700348E+01 .00000000E+00
.24286415E+07 .11264183E+02 .94560564E+01 .00000000E+00
.24428491E+07 .11249748E+02 .94419713E+01 .00000000E+00
.24570566E+07 .11235213E+02 .94277788E+01 .00000000E+00
.24712642E+07 .11220579E+02 .94134778E+01 .00000000E+00
.24854717E+07 .11205844E+02 .93990675E+01 .00000000E+00
.24996792E+07 .11191008E+02 .93845469E+01 .00000000E+00
.25138868E+07 .11176072E+02 .93699152E+01 .00000000E+00
.25280943E+07 .11161034E+02 .93551715E+01 .00000000E+00
.25423019E+07 .11145895E+02 .93403148E+01 .00000000E+00
.25565094E+07 .11130654E+02 .93253443E+01 .00000000E+00
.25707170E+07 .11115310E+02 .93102590E+01 .00000000E+00
.25849245E+07 .11099863E+02 .92950580E+01 .00000000E+00
.25991321E+07 .11084313E+02 .92797406E+01 .00000000E+00
.26133396E+07 .11068660E+02 .92643056E+01 .00000000E+00
.26275472E+07 .11052903E+02 .92487523E+01 .00000000E+00
.26417547E+07 .11037041E+02 .92330797E+01 .00000000E+00
.26559623E+07 .11021075E+02 .92172869E+01 .00000000E+00
.26701698E+07 .11005004E+02 .92013731E+01 .00000000E+00
.26843774E+07 .10988828E+02 .91853373E+01 .00000000E+00
.26985849E+07 .10972545E+02 .91691786E+01 .00000000E+00
.27127925E+07 .10956157E+02 .91528961E+01 .00000000E+00
.27270000E+07 .10939662E+02 .91364889E+01 .00000000E+00
.27412075E+07 .10923061E+02 .91199562E+01 .00000000E+00
.27554151E+07 .10906352E+02 .91032969E+01 .00000000E+00
.27696226E+07 .10889536E+02 .90865103E+01 .00000000E+00
.27838302E+07 .10872611E+02 .90695954E+01 .00000000E+00
.27980377E+07 .10855579E+02 .90525512E+01 .00000000E+00
.28122453E+07 .10838438E+02 .90353770E+01 .00000000E+00
.28264528E+07 .10821187E+02 .90180717E+01 .00000000E+00
.28406604E+07 .10803828E+02 .90006345E+01 .00000000E+00
.28548679E+07 .10786358E+02 .89830646E+01 .00000000E+00
.28690755E+07 .10768778E+02 .89653609E+01 .00000000E+00
.28832830E+07 .10751088E+02 .89475225E+01 .00000000E+00
.28974906E+07 .10733287E+02 .89295487E+01 .00000000E+00
.29116981E+07 .10715375E+02 .89114384E+01 .00000000E+00
.29259057E+07 .10697351E+02 .88931908E+01 .00000000E+00
.29401132E+07 .10679215E+02 .88748050E+01 .00000000E+00
.29543208E+07 .10660967E+02 .88562800E+01 .00000000E+00
.29685283E+07 .10642606E+02 .88376149E+01 .00000000E+00
.29827358E+07 .10624132E+02 .88188090E+01 .00000000E+00
.29969434E+07 .10605545E+02 .87998612E+01 .00000000E+00
.30111509E+07 .10586843E+02 .87807706E+01 .00000000E+00
.30253585E+07 .10568028E+02 .87615364E+01 .00000000E+00
.30395660E+07 .10549098E+02 .87421576E+01 .00000000E+00
.30537736E+07 .10530053E+02 .87226334E+01 .00000000E+00
.30679811E+07 .10510892E+02 .87029628E+01 .00000000E+00
.30821887E+07 .10491617E+02 .86831449E+01 .00000000E+00
.30963962E+07 .10472225E+02 .86631789E+01 .00000000E+00
.31106038E+07 .10452716E+02 .86430638E+01 .00000000E+00
.31248113E+07 .10433091E+02 .86227987E+01 .00000000E+00
.31390189E+07 .10413349E+02 .86023828E+01 .00000000E+00
.31532264E+07 .10393489E+02 .85818150E+01 .00000000E+00
.31674340E+07 .10373511E+02 .85610946E+01 .00000000E+00
.31816415E+07 .10353416E+02 .85402206E+01 .00000000E+00
.31958491E+07 .10333201E+02 .85191921E+01 .00000000E+00
.32100566E+07 .10312868E+02 .84980082E+01 .00000000E+00
.32242642E+07 .10292415E+02 .84766680E+01 .00000000E+00
.32384717E+07 .10271842E+02 .84551706E+01 .00000000E+00
.32526792E+07 .10251150E+02 .84335151E+01 .00000000E+00
.32668868E+07 .10230337E+02 .84117006E+01 .00000000E+00
.32810943E+07 .10209403E+02 .83897262E+01 .00000000E+00
.32953019E+07 .10188348E+02 .83675910E+01 .00000000E+00
.33095094E+07 .10167172E+02 .83452940E+01 .00000000E+00
.33237170E+07 .10145873E+02 .83228345E+01 .00000000E+00
.33379245E+07 .10124452E+02 .83002114E+01 .00000000E+00
.33521321E+07 .10102909E+02 .82774239E+01 .00000000E+00
.33663396E+07 .10081242E+02 .82544710E+01 .00000000E+00
.33805472E+07 .10059453E+02 .82313520E+01 .00000000E+00
.33947547E+07 .10037539E+02 .82080657E+01 .00000000E+00
.34089623E+07 .10015501E+02 .81846115E+01 .00000000E+00
.34231698E+07 .99933393E+01 .81609883E+01 .00000000E+00
.34373774E+07 .99710523E+01 .81371953E+01 .00000000E+00
.34515849E+07 .99486400E+01 .81132315E+01 .00000000E+00
.34657925E+07 .99261022E+01 .80890960E+01 .00000000E+00
.34799965E+07 .99034440E+01 .80647940E+01 .00000000E+00
.34800035E+07 .55664537E+01 .13716621E+02 .72646506E+01
.34925000E+07 .55601902E+01 .13713553E+02 .72647799E+01
.35050000E+07 .55539285E+01 .13710494E+02 .72649056E+01
.35175000E+07 .55476703E+01 .13707445E+02 .72650276E+01
.35300000E+07 .55414153E+01 .13704407E+02 .72651461E+01
.35425000E+07 .55351634E+01 .13701378E+02 .72652611E+01
.35550000E+07 .55289146E+01 .13698358E+02 .72653726E+01
.35675000E+07 .55226686E+01 .13695349E+02 .72654807E+01
.35800000E+07 .55164253E+01 .13692349E+02 .72655854E+01
.35925000E+07 .55101846E+01 .13689358E+02 .72656867E+01
.36050000E+07 .55039463E+01 .13686377E+02 .72657847E+01
.36175000E+07 .54977104E+01 .13683405E+02 .72658795E+01
.36299964E+07 .54914784E+01 .13680443E+02 .72659711E+01
.36300036E+07 .54914747E+01 .13680420E+02 .72659236E+01
.36409444E+07 .54860202E+01 .13667134E+02 .72609070E+01
.36518889E+07 .54805653E+01 .13653877E+02 .72558979E+01
.36628333E+07 .54751117E+01 .13640654E+02 .72508976E+01
.36737778E+07 .54696594E+01 .13627463E+02 .72459060E+01
.36847222E+07 .54642083E+01 .13614305E+02 .72409226E+01
.36956667E+07 .54587583E+01 .13601177E+02 .72359473E+01
.37066111E+07 .54533092E+01 .13588080E+02 .72309798E+01
.37175556E+07 .54478611E+01 .13575012E+02 .72260197E+01
.37285000E+07 .54424137E+01 .13561972E+02 .72210667E+01
.37394444E+07 .54369670E+01 .13548961E+02 .72161207E+01
.37503889E+07 .54315210E+01 .13535976E+02 .72111813E+01
.37613333E+07 .54260755E+01 .13523017E+02 .72062482E+01
.37722778E+07 .54206304E+01 .13510084E+02 .72013212E+01
.37832222E+07 .54151856E+01 .13497176E+02 .71964000E+01
.37941667E+07 .54097411E+01 .13484291E+02 .71914842E+01
.38051111E+07 .54042967E+01 .13471429E+02 .71865736E+01
.38160556E+07 .53988524E+01 .13458589E+02 .71816680E+01
.38270000E+07 .53934080E+01 .13445771E+02 .71767670E+01
.38379444E+07 .53879635E+01 .13432973E+02 .71718703E+01
.38488889E+07 .53825187E+01 .13420194E+02 .71669778E+01
.38598333E+07 .53770736E+01 .13407435E+02 .71620890E+01
.38707778E+07 .53716281E+01 .13394694E+02 .71572038E+01
.38817222E+07 .53661821E+01 .13381969E+02 .71523217E+01
.38926667E+07 .53607355E+01 .13369262E+02 .71474426E+01
.39036111E+07 .53552882E+01 .13356570E+02 .71425662E+01
.39145556E+07 .53498401E+01 .13343893E+02 .71376922E+01
.39255000E+07 .53443911E+01 .13331229E+02 .71328202E+01
.39364444E+07 .53389411E+01 .13318579E+02 .71279501E+01
.39473889E+07 .53334901E+01 .13305942E+02 .71230816E+01
.39583333E+07 .53280379E+01 .13293316E+02 .71182142E+01
.39692778E+07 .53225844E+01 .13280700E+02 .71133479E+01
.39802222E+07 .53171296E+01 .13268095E+02 .71084822E+01
.39911667E+07 .53116733E+01 .13255499E+02 .71036170E+01
.40021111E+07 .53062154E+01 .13242911E+02 .70987518E+01
.40130556E+07 .53007560E+01 .13230331E+02 .70938865E+01
.40240000E+07 .52952948E+01 .13217757E+02 .70890208E+01
.40349444E+07 .52898317E+01 .13205190E+02 .70841544E+01
.40458889E+07 .52843668E+01 .13192627E+02 .70792869E+01
.40568333E+07 .52788999E+01 .13180069E+02 .70744182E+01
.40677778E+07 .52734308E+01 .13167514E+02 .70695479E+01
.40787222E+07 .52679595E+01 .13154962E+02 .70646757E+01
.40896667E+07 .52624860E+01 .13142412E+02 .70598014E+01
.41006111E+07 .52570101E+01 .13129863E+02 .70549247E+01
.41115556E+07 .52515316E+01 .13117314E+02 .70500453E+01
.41225000E+07 .52460507E+01 .13104764E+02 .70451629E+01
.41334444E+07 .52405670E+01 .13092213E+02 .70402773E+01
.41443889E+07 .52350806E+01 .13079660E+02 .70353881E+01
.41553333E+07 .52295913E+01 .13067104E+02 .70304951E+01
.41662778E+07 .52240991E+01 .13054544E+02 .70255980E+01
.41772222E+07 .52186038E+01 .13041979E+02 .70206965E+01
.41881667E+07 .52131054E+01 .13029409E+02 .70157903E+01
.41991111E+07 .52076038E+01 .13016833E+02 .70108792E+01
.42100556E+07 .52020988E+01 .13004250E+02 .70059628E+01
.42210000E+07 .51965904E+01 .12991659E+02 .70010409E+01
.42319444E+07 .51910786E+01 .12979059E+02 .69961132E+01
.42428889E+07 .51855631E+01 .12966449E+02 .69911794E+01
.42538333E+07 .51800439E+01 .12953830E+02 .69862393E+01
.42647778E+07 .51745209E+01 .12941199E+02 .69812925E+01
.42757222E+07 .51689940E+01 .12928556E+02 .69763388E+01
.42866667E+07 .51634632E+01 .12915901E+02 .69713779E+01
.42976111E+07 .51579283E+01 .12903232E+02 .69664095E+01
.43085556E+07 .51523892E+01 .12890549E+02 .69614333E+01
.43195000E+07 .51468458E+01 .12877850E+02 .69564490E+01
.43304444E+07 .51412981E+01 .12865136E+02 .69514564E+01
.43413889E+07 .51357460E+01 .12852405E+02 .69464552E+01
.43523333E+07 .51301893E+01 .12839656E+02 .69414451E+01
.43632778E+07 .51246280E+01 .12826889E+02 .69364258E+01
.43742222E+07 .51190619E+01 .12814102E+02 .69313970E+01
.43851667E+07 .51134910E+01 .12801296E+02 .69263584E+01
.43961111E+07 .51079152E+01 .12788469E+02 .69213099E+01
.44070556E+07 .51023344E+01 .12775620E+02 .69162510E+01
.44180000E+07 .50967485E+01 .12762748E+02 .69111815E+01
.44289444E+07 .50911574E+01 .12749854E+02 .69061012E+01
.44398889E+07 .50855610E+01 .12736935E+02 .69010096E+01
.44508333E+07 .50799592E+01 .12723991E+02 .68959067E+01
.44617778E+07 .50743519E+01 .12711022E+02 .68907920E+01
.44727222E+07 .50687391E+01 .12698026E+02 .68856653E+01
.44836667E+07 .50631206E+01 .12685003E+02 .68805263E+01
.44946111E+07 .50574963E+01 .12671952E+02 .68753747E+01
.45055556E+07 .50518662E+01 .12658872E+02 .68702103E+01
.45165000E+07 .50462302E+01 .12645762E+02 .68650327E+01
.45274444E+07 .50405881E+01 .12632621E+02 .68598417E+01
.45383889E+07 .50349398E+01 .12619450E+02 .68546371E+01
.45493333E+07 .50292853E+01 .12606246E+02 .68494184E+01
.45602778E+07 .50236246E+01 .12593009E+02 .68441854E+01
.45712222E+07 .50179573E+01 .12579738E+02 .68389380E+01
.45821667E+07 .50122836E+01 .12566432E+02 .68336756E+01
.45931111E+07 .50066033E+01 .12553092E+02 .68283982E+01
.46040556E+07 .50009163E+01 .12539715E+02 .68231054E+01
.46150000E+07 .49952225E+01 .12526300E+02 .68177969E+01
.46259444E+07 .49895218E+01 .12512849E+02 .68124724E+01
.46368889E+07 .49838141E+01 .12499358E+02 .68071317E+01
.46478333E+07 .49780994E+01 .12485828E+02 .68017745E+01
.46587778E+07 .49723775E+01 .12472258E+02 .67964005E+01
.46697222E+07 .49666483E+01 .12458646E+02 .67910093E+01
.46806667E+07 .49609118E+01 .12444993E+02 .67856008E+01
.46916111E+07 .49551678E+01 .12431297E+02 .67801747E+01
.47025556E+07 .49494163E+01 .12417557E+02 .67747306E+01
.47135000E+07 .49436572E+01 .12403773E+02 .67692683E+01
.47244444E+07 .49378903E+01 .12389944E+02 .67637875E+01
.47353889E+07 .49321156E+01 .12376069E+02 .67582879E+01
.47463333E+07 .49263330E+01 .12362147E+02 .67527693E+01
.47572778E+07 .49205424E+01 .12348178E+02 .67472313E+01
.47682222E+07 .49147437E+01 .12334160E+02 .67416737E+01
.47791667E+07 .49089368E+01 .12320093E+02 .67360961E+01
.47901111E+07 .49031216E+01 .12305976E+02 .67304984E+01
.48010556E+07 .48972980E+01 .12291809E+02 .67248802E+01
.48120000E+07 .48914659E+01 .12277589E+02 .67192413E+01
.48229444E+07 .48856253E+01 .12263317E+02 .67135813E+01
.48338889E+07 .48797760E+01 .12248992E+02 .67078999E+01
.48448333E+07 .48739179E+01 .12234613E+02 .67021970E+01
.48557778E+07 .48680510E+01 .12220179E+02 .66964722E+01
.48667222E+07 .48621751E+01 .12205690E+02 .66907252E+01
.48776667E+07 .48562902E+01 .12191143E+02 .66849558E+01
.48886111E+07 .48503962E+01 .12176540E+02 .66791637E+01
.48995556E+07 .48444929E+01 .12161878E+02 .66733485E+01
.49105000E+07 .48385804E+01 .12147158E+02 .66675100E+01
.49214444E+07 .48326584E+01 .12132378E+02 .66616480E+01
.49323889E+07 .48267269E+01 .12117537E+02 .66557621E+01
.49433333E+07 .48207858E+01 .12102635E+02 .66498520E+01
.49542778E+07 .48148350E+01 .12087671E+02 .66439175E+01
.49652222E+07 .48088744E+01 .12072643E+02 .66379583E+01
.49761667E+07 .48029039E+01 .12057552E+02 .66319742E+01
.49871111E+07 .47969235E+01 .12042397E+02 .66259647E+01
.49980556E+07 .47909329E+01 .12027176E+02 .66199297E+01
.50090000E+07 .47849323E+01 .12011889E+02 .66138689E+01
.50199444E+07 .47789213E+01 .11996534E+02 .66077819E+01
.50308889E+07 .47729000E+01 .11981112E+02 .66016685E+01
.50418333E+07 .47668683E+01 .11965622E+02 .65955285E+01
.50527778E+07 .47608260E+01 .11950061E+02 .65893615E+01
.50637222E+07 .47547731E+01 .11934431E+02 .65831672E+01
.50746667E+07 .47487095E+01 .11918729E+02 .65769454E+01
.50856111E+07 .47426350E+01 .11902956E+02 .65706958E+01
.50965556E+07 .47365496E+01 .11887110E+02 .65644181E+01
.51075000E+07 .47304533E+01 .11871190E+02 .65581121E+01
.51184444E+07 .47243458E+01 .11855196E+02 .65517773E+01
.51293889E+07 .47182271E+01 .11839127E+02 .65454137E+01
.51403333E+07 .47120972E+01 .11822982E+02 .65390208E+01
.51512778E+07 .47059558E+01 .11806761E+02 .65325984E+01
.51622222E+07 .46998030E+01 .11790461E+02 .65261462E+01
.51731667E+07 .46936386E+01 .11774084E+02 .65196639E+01
.51841111E+07 .46874626E+01 .11757627E+02 .65131513E+01
.51950556E+07 .46812747E+01 .11741090E+02 .65066081E+01
.52060000E+07 .46750751E+01 .11724473E+02 .65000339E+01
.52169444E+07 .46688635E+01 .11707773E+02 .64934286E+01
.52278889E+07 .46626398E+01 .11690992E+02 .64867917E+01
.52388333E+07 .46564041E+01 .11674127E+02 .64801231E+01
.52497778E+07 .46501561E+01 .11657178E+02 .64734225E+01
.52607222E+07 .46438957E+01 .11640144E+02 .64666895E+01
.52716667E+07 .46376230E+01 .11623025E+02 .64599239E+01
.52826111E+07 .46313378E+01 .11605819E+02 .64531255E+01
.52935556E+07 .46250399E+01 .11588526E+02 .64462938E+01
.53045000E+07 .46187294E+01 .11571144E+02 .64394287E+01
.53154444E+07 .46124061E+01 .11553674E+02 .64325299E+01
.53263889E+07 .46060699E+01 .11536114E+02 .64255970E+01
.53373333E+07 .45997207E+01 .11518464E+02 .64186298E+01
.53482778E+07 .45933584E+01 .11500722E+02 .64116281E+01
.53592222E+07 .45869830E+01 .11482888E+02 .64045915E+01
.53701667E+07 .45805944E+01 .11464961E+02 .63975197E+01
.53811111E+07 .45741923E+01 .11446941E+02 .63904125E+01
.53920556E+07 .45677769E+01 .11428826E+02 .63832696E+01
.54030000E+07 .45613479E+01 .11410615E+02 .63760907E+01
.54139444E+07 .45549053E+01 .11392308E+02 .63688755E+01
.54248889E+07 .45484489E+01 .11373904E+02 .63616238E+01
.54358333E+07 .45419787E+01 .11355403E+02 .63543352E+01
.54467778E+07 .45354946E+01 .11336803E+02 .63470095E+01
.54577222E+07 .45289966E+01 .11318103E+02 .63396463E+01
.54686667E+07 .45224844E+01 .11299303E+02 .63322455E+01
.54796111E+07 .45159580E+01 .11280402E+02 .63248068E+01
.54905556E+07 .45094173E+01 .11261399E+02 .63173297E+01
.55015000E+07 .45028623E+01 .11242294E+02 .63098142E+01
.55124444E+07 .44962927E+01 .11223085E+02 .63022598E+01
.55233889E+07 .44897086E+01 .11203772E+02 .62946663E+01
.55343333E+07 .44831099E+01 .11184353E+02 .62870334E+01
.55452778E+07 .44764964E+01 .11164829E+02 .62793609E+01
.55562222E+07 .44698680E+01 .11145198E+02 .62716484E+01
.55671667E+07 .44632247E+01 .11125459E+02 .62638957E+01
.55781111E+07 .44565664E+01 .11105612E+02 .62561025E+01
.55890556E+07 .44498929E+01 .11085656E+02 .62482685E+01
.55999944E+07 .44432076E+01 .11065600E+02 .62403974E+01
.56000056E+07 .44432008E+01 .11065585E+02 .62405195E+01
.56084167E+07 .44380499E+01 .11039436E+02 .62159085E+01
.56168333E+07 .44328866E+01 .11013265E+02 .61912830E+01
.56252500E+07 .44277141E+01 .10987090E+02 .61666592E+01
.56336667E+07 .44225324E+01 .10960911E+02 .61420371E+01
.56420833E+07 .44173415E+01 .10934727E+02 .61174169E+01
.56505000E+07 .44121413E+01 .10908539E+02 .60927985E+01
.56589167E+07 .44069317E+01 .10882347E+02 .60681818E+01
.56673333E+07 .44017129E+01 .10856150E+02 .60435670E+01
.56757500E+07 .43964846E+01 .10829949E+02 .60189541E+01
.56841667E+07 .43912469E+01 .10803743E+02 .59943430E+01
.56925833E+07 .43859997E+01 .10777533E+02 .59697337E+01
.57009943E+07 .43807465E+01 .10751336E+02 .59451430E+01
.57010057E+07 .39921200E+01 .10266166E+02 .55702066E+01
.57087778E+07 .39903102E+01 .10254128E+02 .55641895E+01
.57165556E+07 .39884990E+01 .10242083E+02 .55581680E+01
.57243333E+07 .39866878E+01 .10230037E+02 .55521465E+01
.57321111E+07 .39848766E+01 .10217991E+02 .55461249E+01
.57398889E+07 .39830654E+01 .10205945E+02 .55401034E+01
.57476667E+07 .39812542E+01 .10193899E+02 .55340819E+01
.57554444E+07 .39794430E+01 .10181853E+02 .55280604E+01
.57632222E+07 .39776318E+01 .10169807E+02 .55220389E+01
.57709942E+07 .39758220E+01 .10157770E+02 .55160218E+01
.57710058E+07 .39758131E+01 .10157795E+02 .55159144E+01
.57793333E+07 .39653173E+01 .10115162E+02 .54916210E+01
.57876667E+07 .39548143E+01 .10072499E+02 .54673109E+01
.57960000E+07 .39443112E+01 .10029836E+02 .54430007E+01
.58043333E+07 .39338081E+01 .99871736E+01 .54186906E+01
.58126667E+07 .39233051E+01 .99445108E+01 .53943804E+01
.58210000E+07 .39128020E+01 .99018479E+01 .53700703E+01
.58293333E+07 .39022989E+01 .98591851E+01 .53457601E+01
.58376667E+07 .38917959E+01 .98165222E+01 .53214499E+01
.58460000E+07 .38812928E+01 .97738594E+01 .52971398E+01
.58543333E+07 .38707898E+01 .97311965E+01 .52728296E+01
.58626667E+07 .38602867E+01 .96885337E+01 .52485195E+01
.58710000E+07 .38497836E+01 .96458708E+01 .52242093E+01
.58793333E+07 .38392806E+01 .96032080E+01 .51998992E+01
.58876667E+07 .38287775E+01 .95605451E+01 .51755890E+01
.58960000E+07 .38182745E+01 .95178823E+01 .51512789E+01
.59043333E+07 .38077714E+01 .94752194E+01 .51269687E+01
.59126667E+07 .37972683E+01 .94325566E+01 .51026585E+01
.59210000E+07 .37867653E+01 .93898938E+01 .50783484E+01
.59293333E+07 .37762622E+01 .93472309E+01 .50540382E+01
.59376667E+07 .37657592E+01 .93045681E+01 .50297281E+01
.59460000E+07 .37552561E+01 .92619052E+01 .50054179E+01
.59543333E+07 .37447530E+01 .92192424E+01 .49811078E+01
.59626667E+07 .37342500E+01 .91765795E+01 .49567976E+01
.59709940E+07 .37237544E+01 .91339472E+01 .49325049E+01
.59710060E+07 .35432600E+01 .89052318E+01 .47698958E+01
.59785000E+07 .35387849E+01 .88908143E+01 .47646500E+01
.59860000E+07 .35343062E+01 .88763854E+01 .47594000E+01
.59935000E+07 .35298275E+01 .88619564E+01 .47541500E+01
.60010000E+07 .35253488E+01 .88475275E+01 .47489000E+01
.60085000E+07 .35208701E+01 .88330986E+01 .47436500E+01
.60160000E+07 .35163914E+01 .88186696E+01 .47384000E+01
.60235000E+07 .35119128E+01 .88042407E+01 .47331500E+01
.60310000E+07 .35074341E+01 .87898118E+01 .47279000E+01
.60385000E+07 .35029554E+01 .87753828E+01 .47226500E+01
.60460000E+07 .34984767E+01 .87609539E+01 .47174000E+01
.60535000E+07 .34939980E+01 .87465249E+01 .47121500E+01
.60610000E+07 .34895193E+01 .87320960E+01 .47069000E+01
.60685000E+07 .34850406E+01 .87176671E+01 .47016500E+01
.60760000E+07 .34805619E+01 .87032381E+01 .46964000E+01
.60835000E+07 .34760832E+01 .86888092E+01 .46911500E+01
.60910000E+07 .34716045E+01 .86743803E+01 .46859000E+01
.60985000E+07 .34671258E+01 .86599513E+01 .46806500E+01
.61060000E+07 .34626471E+01 .86455224E+01 .46754000E+01
.61135000E+07 .34581684E+01 .86310935E+01 .46701500E+01
.61210000E+07 .34536898E+01 .86166645E+01 .46649000E+01
.61285000E+07 .34492111E+01 .86022356E+01 .46596500E+01
.61360000E+07 .34447324E+01 .85878067E+01 .46544000E+01
.61435000E+07 .34402537E+01 .85733777E+01 .46491500E+01
.61509938E+07 .34357787E+01 .85589606E+01 .46439043E+01
.61510062E+07 .33594911E+01 .79897120E+01 .44189189E+01
.61587778E+07 .33603357E+01 .79945160E+01 .44217832E+01
.61665556E+07 .33611810E+01 .79993237E+01 .44246498E+01
.61743333E+07 .33620263E+01 .80041315E+01 .44275164E+01
.61821111E+07 .33628716E+01 .80089393E+01 .44303830E+01
.61898889E+07 .33637169E+01 .80137471E+01 .44332496E+01
.61976667E+07 .33645621E+01 .80185549E+01 .44361162E+01
.62054444E+07 .33654074E+01 .80233627E+01 .44389827E+01
.62132222E+07 .33662527E+01 .80281705E+01 .44418493E+01
.62210000E+07 .33670980E+01 .80329783E+01 .44447159E+01
.62287778E+07 .33679433E+01 .80377861E+01 .44475825E+01
.62365556E+07 .33687886E+01 .80425939E+01 .44504491E+01
.62443333E+07 .33696339E+01 .80474017E+01 .44533156E+01
.62521111E+07 .33704792E+01 .80522095E+01 .44561822E+01
.62598889E+07 .33713244E+01 .80570173E+01 .44590488E+01
.62676667E+07 .33721697E+01 .80618250E+01 .44619154E+01
.62754444E+07 .33730150E+01 .80666328E+01 .44647820E+01
.62832222E+07 .33738603E+01 .80714406E+01 .44676486E+01
.62909937E+07 .33747049E+01 .80762445E+01 .44705128E+01
.62910063E+07 .33747063E+01 .80762523E+01 .44705175E+01
.62971778E+07 .33753770E+01 .80800672E+01 .44727920E+01
.63033556E+07 .33760484E+01 .80838859E+01 .44750689E+01
.63095333E+07 .33767198E+01 .80877047E+01 .44773458E+01
.63157111E+07 .33773912E+01 .80915235E+01 .44796227E+01
.63218889E+07 .33780626E+01 .80953422E+01 .44818996E+01
.63280667E+07 .33787340E+01 .80991610E+01 .44841765E+01
.63342444E+07 .33794054E+01 .81029797E+01 .44864533E+01
.63404222E+07 .33800768E+01 .81067985E+01 .44887302E+01
.63465937E+07 .33807475E+01 .81106133E+01 .44910048E+01
.63466063E+07 .26000000E+01 .58000000E+01 .32000000E+01
.63481667E+07 .26000000E+01 .58000000E+01 .32000000E+01
.63497333E+07 .26000000E+01 .58000000E+01 .32000000E+01
.63513000E+07 .26000000E+01 .58000000E+01 .32000000E+01
.63528667E+07 .26000000E+01 .58000000E+01 .32000000E+01
.63544333E+07 .26000000E+01 .58000000E+01 .32000000E+01
.63559936E+07 .26000000E+01 .58000000E+01 .32000000E+01
.63560064E+07 .26000000E+01 .58000000E+01 .32000000E+01
.63580000E+07 .26000000E+01 .58000000E+01 .32000000E+01
.63600000E+07 .26000000E+01 .58000000E+01 .32000000E+01
.63620000E+07 .26000000E+01 .58000000E+01 .32000000E+01
.63640000E+07 .26000000E+01 .58000000E+01 .32000000E+01
.63660000E+07 .26000000E+01 .58000000E+01 .32000000E+01
.63679936E+07 .26000000E+01 .58000000E+01 .32000000E+01
.63680064E+07 .26000000E+01 .58000000E+01 .32000000E+01
.63685000E+07 .26000000E+01 .58000000E+01 .32000000E+01
.63690000E+07 .26000000E+01 .58000000E+01 .32000000E+01
.63695000E+07 .26000000E+01 .58000000E+01 .32000000E+01
.63700000E+07 .26000000E+01 .58000000E+01 .32000000E+01
.63705000E+07 .26000000E+01 .58000000E+01 .32000000E+01
.63710000E+07 .26000000E+01 .58000000E+01 .32000000E+01
