           0           1           0           0
           1           1           1           0
           2           1           2           0
           3           1           3           0
           4           1           4           0
           5           1           5           0
           6           1           6           0
           7           1           7           0
           8           1           0           1
           9           1           1           1
          10           1           2           1
          11           1           3           1
          12           1           4           1
          13           1           5           1
          14           1           6           1
          15           1           7           1
          16           1           0           2
          17           1           1           2
          18           1           2           2
          19           1           3           2
          20           1           4           2
          21           1           5           2
          22           1           6           2
          23           1           7           2
          24           1           0           3
          25           1           1           3
          26           1           2           3
          27           1           3           3
          28           1           4           3
          29           1           5           3
          30           1           6           3
          31           1           7           3
          32           1           0           4
          33           1           1           4
          34           1           2           4
          35           1           3           4
          36           1           4           4
          37           1           5           4
          38           1           6           4
          39           1           7           4
          40           1           0           5
          41           1           1           5
          42           1           2           5
          43           1           3           5
          44           1           4           5
          45           1           5           5
          46           1           6           5
          47           1           7           5
          48           1           0           6
          49           1           1           6
          50           1           2           6
          51           1           3           6
          52           1           4           6
          53           1           5           6
          54           1           6           6
          55           1           7           6
          56           1           0           7
          57           1           1           7
          58           1           2           7
          59           1           3           7
          60           1           4           7
          61           1           5           7
          62           1           6           7
          63           1           7           7
          64           2           0           0
          65           2           1           0
          66           2           2           0
          67           2           3           0
          68           2           4           0
          69           2           5           0
          70           2           6           0
          71           2           7           0
          72           2           0           1
          73           2           1           1
          74           2           2           1
          75           2           3           1
          76           2           4           1
          77           2           5           1
          78           2           6           1
          79           2           7           1
          80           2           0           2
          81           2           1           2
          82           2           2           2
          83           2           3           2
          84           2           4           2
          85           2           5           2
          86           2           6           2
          87           2           7           2
          88           2           0           3
          89           2           1           3
          90           2           2           3
          91           2           3           3
          92           2           4           3
          93           2           5           3
          94           2           6           3
          95           2           7           3
          96           2           0           4
          97           2           1           4
          98           2           2           4
          99           2           3           4
         100           2           4           4
         101           2           5           4
         102           2           6           4
         103           2           7           4
         104           2           0           5
         105           2           1           5
         106           2           2           5
         107           2           3           5
         108           2           4           5
         109           2           5           5
         110           2           6           5
         111           2           7           5
         112           2           0           6
         113           2           1           6
         114           2           2           6
         115           2           3           6
         116           2           4           6
         117           2           5           6
         118           2           6           6
         119           2           7           6
         120           2           0           7
         121           2           1           7
         122           2           2           7
         123           2           3           7
         124           2           4           7
         125           2           5           7
         126           2           6           7
         127           2           7           7
         128           3           0           0
         129           3           1           0
         130           3           2           0
         131           3           3           0
         132           3           4           0
         133           3           5           0
         134           3           6           0
         135           3           7           0
         136           3           0           1
         137           3           1           1
         138           3           2           1
         139           3           3           1
         140           3           4           1
         141           3           5           1
         142           3           6           1
         143           3           7           1
         144           3           0           2
         145           3           1           2
         146           3           2           2
         147           3           3           2
         148           3           4           2
         149           3           5           2
         150           3           6           2
         151           3           7           2
         152           3           0           3
         153           3           1           3
         154           3           2           3
         155           3           3           3
         156           3           4           3
         157           3           5           3
         158           3           6           3
         159           3           7           3
         160           3           0           4
         161           3           1           4
         162           3           2           4
         163           3           3           4
         164           3           4           4
         165           3           5           4
         166           3           6           4
         167           3           7           4
         168           3           0           5
         169           3           1           5
         170           3           2           5
         171           3           3           5
         172           3           4           5
         173           3           5           5
         174           3           6           5
         175           3           7           5
         176           3           0           6
         177           3           1           6
         178           3           2           6
         179           3           3           6
         180           3           4           6
         181           3           5           6
         182           3           6           6
         183           3           7           6
         184           3           0           7
         185           3           1           7
         186           3           2           7
         187           3           3           7
         188           3           4           7
         189           3           5           7
         190           3           6           7
         191           3           7           7
         192           4           0           0
         193           4           1           0
         194           4           2           0
         195           4           3           0
         196           4           4           0
         197           4           5           0
         198           4           6           0
         199           4           7           0
         200           4           0           1
         201           4           1           1
         202           4           2           1
         203           4           3           1
         204           4           4           1
         205           4           5           1
         206           4           6           1
         207           4           7           1
         208           4           0           2
         209           4           1           2
         210           4           2           2
         211           4           3           2
         212           4           4           2
         213           4           5           2
         214           4           6           2
         215           4           7           2
         216           4           0           3
         217           4           1           3
         218           4           2           3
         219           4           3           3
         220           4           4           3
         221           4           5           3
         222           4           6           3
         223           4           7           3
         224           4           0           4
         225           4           1           4
         226           4           2           4
         227           4           3           4
         228           4           4           4
         229           4           5           4
         230           4           6           4
         231           4           7           4
         232           4           0           5
         233           4           1           5
         234           4           2           5
         235           4           3           5
         236           4           4           5
         237           4           5           5
         238           4           6           5
         239           4           7           5
         240           4           0           6
         241           4           1           6
         242           4           2           6
         243           4           3           6
         244           4           4           6
         245           4           5           6
         246           4           6           6
         247           4           7           6
         248           4           0           7
         249           4           1           7
         250           4           2           7
         251           4           3           7
         252           4           4           7
         253           4           5           7
         254           4           6           7
         255           4           7           7
         256           5           0           0
         257           5           1           0
         258           5           2           0
         259           5           3           0
         260           5           4           0
         261           5           5           0
         262           5           6           0
         263           5           7           0
         264           5           0           1
         265           5           1           1
         266           5           2           1
         267           5           3           1
         268           5           4           1
         269           5           5           1
         270           5           6           1
         271           5           7           1
         272           5           0           2
         273           5           1           2
         274           5           2           2
         275           5           3           2
         276           5           4           2
         277           5           5           2
         278           5           6           2
         279           5           7           2
         280           5           0           3
         281           5           1           3
         282           5           2           3
         283           5           3           3
         284           5           4           3
         285           5           5           3
         286           5           6           3
         287           5           7           3
         288           5           0           4
         289           5           1           4
         290           5           2           4
         291           5           3           4
         292           5           4           4
         293           5           5           4
         294           5           6           4
         295           5           7           4
         296           5           0           5
         297           5           1           5
         298           5           2           5
         299           5           3           5
         300           5           4           5
         301           5           5           5
         302           5           6           5
         303           5           7           5
         304           5           0           6
         305           5           1           6
         306           5           2           6
         307           5           3           6
         308           5           4           6
         309           5           5           6
         310           5           6           6
         311           5           7           6
         312           5           0           7
         313           5           1           7
         314           5           2           7
         315           5           3           7
         316           5           4           7
         317           5           5           7
         318           5           6           7
         319           5           7           7
         320           6           0           0
         321           6           1           0
         322           6           2           0
         323           6           3           0
         324           6           4           0
         325           6           5           0
         326           6           6           0
         327           6           7           0
         328           6           0           1
         329           6           1           1
         330           6           2           1
         331           6           3           1
         332           6           4           1
         333           6           5           1
         334           6           6           1
         335           6           7           1
         336           6           0           2
         337           6           1           2
         338           6           2           2
         339           6           3           2
         340           6           4           2
         341           6           5           2
         342           6           6           2
         343           6           7           2
         344           6           0           3
         345           6           1           3
         346           6           2           3
         347           6           3           3
         348           6           4           3
         349           6           5           3
         350           6           6           3
         351           6           7           3
         352           6           0           4
         353           6           1           4
         354           6           2           4
         355           6           3           4
         356           6           4           4
         357           6           5           4
         358           6           6           4
         359           6           7           4
         360           6           0           5
         361           6           1           5
         362           6           2           5
         363           6           3           5
         364           6           4           5
         365           6           5           5
         366           6           6           5
         367           6           7           5
         368           6           0           6
         369           6           1           6
         370           6           2           6
         371           6           3           6
         372           6           4           6
         373           6           5           6
         374           6           6           6
         375           6           7           6
         376           6           0           7
         377           6           1           7
         378           6           2           7
         379           6           3           7
         380           6           4           7
         381           6           5           7
         382           6           6           7
         383           6           7           7
