  0.0000000E+00  0.0000000E+00
  1.2512512E-04  2.2125398E-14
  2.5025025E-04  4.4250790E-14
  3.7537538E-04  6.6376165E-14
  5.0050049E-04  8.8501526E-14
  6.2562560E-04  1.1062685E-13
  7.5075077E-04  1.3275214E-13
  8.7587588E-04  1.5487740E-13
  1.0010010E-03  1.7700260E-13
  1.1261262E-03  1.9912774E-13
  1.2512512E-03  2.2125283E-13
  1.3763764E-03  2.4337785E-13
  1.5015015E-03  2.6550279E-13
  1.6266266E-03  2.8762764E-13
  1.7517518E-03  3.0975239E-13
  1.8768769E-03  3.3187705E-13
  2.0020020E-03  3.5400163E-13
  2.1271270E-03  3.7612608E-13
  2.2522523E-03  3.9825039E-13
  2.3773774E-03  4.2037459E-13
  2.5025024E-03  4.4249869E-13
  2.6276277E-03  4.6462259E-13
  2.7527527E-03  4.8674639E-13
  2.8778778E-03  5.0887002E-13
  3.0030031E-03  5.3099349E-13
  3.1281281E-03  5.5311680E-13
  3.2532532E-03  5.7523994E-13
  3.3783785E-03  5.9736287E-13
  3.5035035E-03  6.1948564E-13
  3.6286286E-03  6.4160819E-13
  3.7537538E-03  6.6373057E-13
  3.8788789E-03  6.8585269E-13
  4.0040039E-03  7.0797464E-13
  4.1291290E-03  7.3009632E-13
  4.2542540E-03  7.5221784E-13
  4.3793796E-03  7.7433909E-13
  4.5045046E-03  7.9646007E-13
  4.6296297E-03  8.1858083E-13
  4.7547547E-03  8.4070131E-13
  4.8798798E-03  8.6282153E-13
  5.0050048E-03  8.8494148E-13
  5.1301303E-03  9.0706116E-13
  5.2552554E-03  9.2918056E-13
  5.3803804E-03  9.5129959E-13
  5.5055055E-03  9.7341839E-13
  5.6306305E-03  9.9553688E-13
  5.7557556E-03  1.0176550E-12
  5.8808811E-03  1.0397729E-12
  6.0060062E-03  1.0618905E-12
  6.1311312E-03  1.0840077E-12
  6.2562563E-03  1.1061244E-12
  6.3813813E-03  1.1282409E-12
  6.5065064E-03  1.1503570E-12
  6.6316314E-03  1.1724728E-12
  6.7567569E-03  1.1945883E-12
  6.8818820E-03  1.2167033E-12
  7.0070070E-03  1.2388180E-12
  7.1321321E-03  1.2609322E-12
  7.2572571E-03  1.2830460E-12
  7.3823822E-03  1.3051595E-12
  7.5075077E-03  1.3272725E-12
  7.6326327E-03  1.3493851E-12
  7.7577578E-03  1.3714973E-12
  7.8828828E-03  1.3936091E-12
  8.0080079E-03  1.4157204E-12
  8.1331329E-03  1.4378313E-12
  8.2582580E-03  1.4599417E-12
  8.3833830E-03  1.4820517E-12
  8.5085081E-03  1.5041612E-12
  8.6336341E-03  1.5262702E-12
  8.7587591E-03  1.5483787E-12
  8.8838842E-03  1.5704867E-12
  9.0090092E-03  1.5925943E-12
  9.1341343E-03  1.6147013E-12
  9.2592593E-03  1.6368079E-12
  9.3843844E-03  1.6589139E-12
  9.5095094E-03  1.6810194E-12
  9.6346345E-03  1.7031244E-12
  9.7597595E-03  1.7252288E-12
  9.8848846E-03  1.7473326E-12
  1.0010010E-02  1.7694359E-12
  1.0135135E-02  1.7915388E-12
  1.0260261E-02  1.8136409E-12
  1.0385386E-02  1.8357427E-12
  1.0510511E-02  1.8578437E-12
  1.0635636E-02  1.8799441E-12
  1.0760761E-02  1.9020441E-12
  1.0885886E-02  1.9241434E-12
  1.1011011E-02  1.9462420E-12
  1.1136136E-02  1.9683400E-12
  1.1261261E-02  1.9904375E-12
  1.1386386E-02  2.0125342E-12
  1.1511511E-02  2.0346305E-12
  1.1636636E-02  2.0567259E-12
  1.1761762E-02  2.0788208E-12
  1.1886887E-02  2.1009151E-12
  1.2012012E-02  2.1230086E-12
  1.2137137E-02  2.1451016E-12
  1.2262262E-02  2.1671937E-12
  1.2387387E-02  2.1892852E-12
  1.2512513E-02  2.2113760E-12
  1.2637638E-02  2.2334662E-12
  1.2762763E-02  2.2555556E-12
  1.2887888E-02  2.2776444E-12
  1.3013013E-02  2.2997325E-12
  1.3138138E-02  2.3218196E-12
  1.3263263E-02  2.3439061E-12
  1.3388389E-02  2.3659920E-12
  1.3513514E-02  2.3880771E-12
  1.3638639E-02  2.4101613E-12
  1.3763764E-02  2.4322449E-12
  1.3888889E-02  2.4543278E-12
  1.4014014E-02  2.4764097E-12
  1.4139139E-02  2.4984910E-12
  1.4264264E-02  2.5205714E-12
  1.4389389E-02  2.5426510E-12
  1.4514514E-02  2.5647299E-12
  1.4639639E-02  2.5868079E-12
  1.4764764E-02  2.6088851E-12
  1.4889890E-02  2.6309614E-12
  1.5015015E-02  2.6530371E-12
  1.5140140E-02  2.6751117E-12
  1.5265265E-02  2.6971856E-12
  1.5390391E-02  2.7192586E-12
  1.5515516E-02  2.7413308E-12
  1.5640641E-02  2.7634021E-12
  1.5765766E-02  2.7854726E-12
  1.5890891E-02  2.8075420E-12
  1.6016016E-02  2.8296107E-12
  1.6141141E-02  2.8516785E-12
  1.6266266E-02  2.8737453E-12
  1.6391391E-02  2.8958114E-12
  1.6516516E-02  2.9178764E-12
  1.6641641E-02  2.9399406E-12
  1.6766766E-02  2.9620037E-12
  1.6891891E-02  2.9840659E-12
  1.7017016E-02  3.0061272E-12
  1.7142141E-02  3.0281877E-12
  1.7267268E-02  3.0502471E-12
  1.7392393E-02  3.0723056E-12
  1.7517518E-02  3.0943631E-12
  1.7642643E-02  3.1164197E-12
  1.7767768E-02  3.1384752E-12
  1.7892893E-02  3.1605296E-12
  1.8018018E-02  3.1825831E-12
  1.8143144E-02  3.2046358E-12
  1.8268269E-02  3.2266874E-12
  1.8393394E-02  3.2487379E-12
  1.8518519E-02  3.2707873E-12
  1.8643644E-02  3.2928356E-12
  1.8768769E-02  3.3148831E-12
  1.8893894E-02  3.3369295E-12
  1.9019019E-02  3.3589748E-12
  1.9144144E-02  3.3810190E-12
  1.9269269E-02  3.4030623E-12
  1.9394394E-02  3.4251044E-12
  1.9519519E-02  3.4471453E-12
  1.9644644E-02  3.4691854E-12
  1.9769769E-02  3.4912242E-12
  1.9894894E-02  3.5132619E-12
  2.0020019E-02  3.5352986E-12
  2.0145144E-02  3.5573341E-12
  2.0270269E-02  3.5793686E-12
  2.0395396E-02  3.6014019E-12
  2.0520521E-02  3.6234340E-12
  2.0645646E-02  3.6454650E-12
  2.0770771E-02  3.6674947E-12
  2.0895896E-02  3.6895235E-12
  2.1021022E-02  3.7115510E-12
  2.1146147E-02  3.7335777E-12
  2.1271272E-02  3.7556026E-12
  2.1396397E-02  3.7776266E-12
  2.1521522E-02  3.7996494E-12
  2.1646647E-02  3.8216713E-12
  2.1771772E-02  3.8436914E-12
  2.1896897E-02  3.8657107E-12
  2.2022022E-02  3.8877287E-12
  2.2147147E-02  3.9097454E-12
  2.2272272E-02  3.9317607E-12
  2.2397397E-02  3.9537752E-12
  2.2522522E-02  3.9757880E-12
  2.2647647E-02  3.9977999E-12
  2.2772772E-02  4.0198105E-12
  2.2897897E-02  4.0418198E-12
  2.3023022E-02  4.0638278E-12
  2.3148147E-02  4.0858345E-12
  2.3273272E-02  4.1078399E-12
  2.3398397E-02  4.1298440E-12
  2.3523524E-02  4.1518468E-12
  2.3648649E-02  4.1738483E-12
  2.3773775E-02  4.1958485E-12
  2.3898900E-02  4.2178474E-12
  2.4024025E-02  4.2398446E-12
  2.4149150E-02  4.2618409E-12
  2.4274275E-02  4.2838359E-12
  2.4399400E-02  4.3058291E-12
  2.4524525E-02  4.3278215E-12
  2.4649650E-02  4.3498122E-12
  2.4774775E-02  4.3718015E-12
  2.4899900E-02  4.3937896E-12
  2.5025025E-02  4.4157763E-12
  2.5150150E-02  4.4377614E-12
  2.5275275E-02  4.4597455E-12
  2.5400400E-02  4.4817279E-12
  2.5525525E-02  4.5037090E-12
  2.5650650E-02  4.5256884E-12
  2.5775775E-02  4.5476665E-12
  2.5900900E-02  4.5696433E-12
  2.6026025E-02  4.5916188E-12
  2.6151150E-02  4.6135925E-12
  2.6276276E-02  4.6355649E-12
  2.6401401E-02  4.6575361E-12
  2.6526526E-02  4.6795055E-12
  2.6651653E-02  4.7014736E-12
  2.6776778E-02  4.7234400E-12
  2.6901903E-02  4.7454050E-12
  2.7027028E-02  4.7673684E-12
  2.7152153E-02  4.7893304E-12
  2.7277278E-02  4.8112911E-12
  2.7402403E-02  4.8332501E-12
  2.7527528E-02  4.8552074E-12
  2.7652653E-02  4.8771633E-12
  2.7777778E-02  4.8991180E-12
  2.7902903E-02  4.9210709E-12
  2.8028028E-02  4.9430221E-12
  2.8153153E-02  4.9649720E-12
  2.8278278E-02  4.9869202E-12
  2.8403403E-02  5.0088666E-12
  2.8528528E-02  5.0308117E-12
  2.8653653E-02  5.0527551E-12
  2.8778778E-02  5.0746972E-12
  2.8903903E-02  5.0966375E-12
  2.9029028E-02  5.1185761E-12
  2.9154154E-02  5.1405130E-12
  2.9279279E-02  5.1624486E-12
  2.9404404E-02  5.1843824E-12
  2.9529529E-02  5.2063145E-12
  2.9654654E-02  5.2282449E-12
  2.9779781E-02  5.2501740E-12
  2.9904906E-02  5.2721009E-12
  3.0030031E-02  5.2940265E-12
  3.0155156E-02  5.3159504E-12
  3.0280281E-02  5.3378729E-12
  3.0405406E-02  5.3597933E-12
  3.0530531E-02  5.3817120E-12
  3.0655656E-02  5.4036294E-12
  3.0780781E-02  5.4255450E-12
  3.0905906E-02  5.4474585E-12
  3.1031031E-02  5.4693706E-12
  3.1156156E-02  5.4912810E-12
  3.1281281E-02  5.5131893E-12
  3.1406406E-02  5.5350963E-12
  3.1531531E-02  5.5570015E-12
  3.1656656E-02  5.5789050E-12
  3.1781781E-02  5.6008063E-12
  3.1906907E-02  5.6227063E-12
  3.2032032E-02  5.6446041E-12
  3.2157157E-02  5.6665007E-12
  3.2282282E-02  5.6883951E-12
  3.2407407E-02  5.7102877E-12
  3.2532532E-02  5.7321786E-12
  3.2657657E-02  5.7540678E-12
  3.2782782E-02  5.7759552E-12
  3.2907907E-02  5.7978405E-12
  3.3033032E-02  5.8197240E-12
  3.3158157E-02  5.8416058E-12
  3.3283282E-02  5.8634859E-12
  3.3408407E-02  5.8853642E-12
  3.3533532E-02  5.9072404E-12
  3.3658657E-02  5.9291148E-12
  3.3783782E-02  5.9509871E-12
  3.3908907E-02  5.9728581E-12
  3.4034032E-02  5.9947269E-12
  3.4159157E-02  6.0165935E-12
  3.4284282E-02  6.0384588E-12
  3.4409411E-02  6.0603219E-12
  3.4534536E-02  6.0821829E-12
  3.4659661E-02  6.1040422E-12
  3.4784786E-02  6.1258997E-12
  3.4909911E-02  6.1477550E-12
  3.5035037E-02  6.1696087E-12
  3.5160162E-02  6.1914601E-12
  3.5285287E-02  6.2133098E-12
  3.5410412E-02  6.2351574E-12
  3.5535537E-02  6.2570032E-12
  3.5660662E-02  6.2788468E-12
  3.5785787E-02  6.3006883E-12
  3.5910912E-02  6.3225280E-12
  3.6036037E-02  6.3443660E-12
  3.6161162E-02  6.3662018E-12
  3.6286287E-02  6.3880355E-12
  3.6411412E-02  6.4098674E-12
  3.6536537E-02  6.4316972E-12
  3.6661662E-02  6.4535248E-12
  3.6786787E-02  6.4753502E-12
  3.6911912E-02  6.4971739E-12
  3.7037037E-02  6.5189954E-12
  3.7162162E-02  6.5408152E-12
  3.7287287E-02  6.5626328E-12
  3.7412412E-02  6.5844483E-12
  3.7537538E-02  6.6062615E-12
  3.7662663E-02  6.6280727E-12
  3.7787788E-02  6.6498820E-12
  3.7912913E-02  6.6716888E-12
  3.8038038E-02  6.6934938E-12
  3.8163163E-02  6.7152967E-12
  3.8288288E-02  6.7370974E-12
  3.8413413E-02  6.7588964E-12
  3.8538538E-02  6.7806928E-12
  3.8663663E-02  6.8024870E-12
  3.8788788E-02  6.8242794E-12
  3.8913913E-02  6.8460697E-12
  3.9039038E-02  6.8678574E-12
  3.9164163E-02  6.8896434E-12
  3.9289288E-02  6.9114267E-12
  3.9414413E-02  6.9332083E-12
  3.9539538E-02  6.9549878E-12
  3.9664663E-02  6.9767647E-12
  3.9789788E-02  6.9985393E-12
  3.9914913E-02  7.0203123E-12
  4.0040039E-02  7.0420826E-12
  4.0165164E-02  7.0638508E-12
  4.0290289E-02  7.0856168E-12
  4.0415414E-02  7.1073807E-12
  4.0540539E-02  7.1291423E-12
  4.0665668E-02  7.1509018E-12
  4.0790793E-02  7.1726587E-12
  4.0915918E-02  7.1944135E-12
  4.1041043E-02  7.2161660E-12
  4.1166168E-02  7.2379164E-12
  4.1291293E-02  7.2596647E-12
  4.1416418E-02  7.2814099E-12
  4.1541543E-02  7.3031537E-12
  4.1666668E-02  7.3248950E-12
  4.1791793E-02  7.3466337E-12
  4.1916918E-02  7.3683698E-12
  4.2042043E-02  7.3901042E-12
  4.2167168E-02  7.4118359E-12
  4.2292293E-02  7.4335659E-12
  4.2417418E-02  7.4552933E-12
  4.2542543E-02  7.4770181E-12
  4.2667668E-02  7.4987403E-12
  4.2792793E-02  7.5204608E-12
  4.2917918E-02  7.5421787E-12
  4.3043043E-02  7.5638940E-12
  4.3168169E-02  7.5856066E-12
  4.3293294E-02  7.6073176E-12
  4.3418419E-02  7.6290259E-12
  4.3543544E-02  7.6507316E-12
  4.3668669E-02  7.6724356E-12
  4.3793794E-02  7.6941361E-12
  4.3918919E-02  7.7158349E-12
  4.4044044E-02  7.7375311E-12
  4.4169169E-02  7.7592247E-12
  4.4294294E-02  7.7809165E-12
  4.4419419E-02  7.8026049E-12
  4.4544544E-02  7.8242916E-12
  4.4669669E-02  7.8459756E-12
  4.4794794E-02  7.8676570E-12
  4.4919919E-02  7.8893359E-12
  4.5045044E-02  7.9110130E-12
  4.5170169E-02  7.9326866E-12
  4.5295294E-02  7.9543585E-12
  4.5420419E-02  7.9760278E-12
  4.5545544E-02  7.9976945E-12
  4.5670670E-02  8.0193586E-12
  4.5795795E-02  8.0410201E-12
  4.5920920E-02  8.0626790E-12
  4.6046045E-02  8.0843353E-12
  4.6171170E-02  8.1059890E-12
  4.6296295E-02  8.1276409E-12
  4.6421420E-02  8.1492894E-12
  4.6546545E-02  8.1709361E-12
  4.6671670E-02  8.1925794E-12
  4.6796795E-02  8.2142210E-12
  4.6921924E-02  8.2358590E-12
  4.7047049E-02  8.2574954E-12
  4.7172174E-02  8.2791283E-12
  4.7297299E-02  8.3007594E-12
  4.7422424E-02  8.3223879E-12
  4.7547549E-02  8.3440130E-12
  4.7672674E-02  8.3656363E-12
  4.7797799E-02  8.3872562E-12
  4.7922924E-02  8.4088743E-12
  4.8048049E-02  8.4304889E-12
  4.8173174E-02  8.4521019E-12
  4.8298299E-02  8.4737113E-12
  4.8423424E-02  8.4953182E-12
  4.8548549E-02  8.5169233E-12
  4.8673674E-02  8.5385249E-12
  4.8798800E-02  8.5601240E-12
  4.8923925E-02  8.5817204E-12
  4.9049050E-02  8.6033134E-12
  4.9174175E-02  8.6249046E-12
  4.9299300E-02  8.6464932E-12
  4.9424425E-02  8.6680784E-12
  4.9549550E-02  8.6896610E-12
  4.9674675E-02  8.7112418E-12
  4.9799800E-02  8.7328192E-12
  4.9924925E-02  8.7543930E-12
  5.0050050E-02  8.7759652E-12
  5.0175175E-02  8.7975347E-12
  5.0300300E-02  8.8191008E-12
  5.0425425E-02  8.8406643E-12
  5.0550550E-02  8.8622252E-12
  5.0675675E-02  8.8837835E-12
  5.0800800E-02  8.9053383E-12
  5.0925925E-02  8.9268913E-12
  5.1051050E-02  8.9484409E-12
  5.1176175E-02  8.9699871E-12
  5.1301301E-02  8.9915315E-12
  5.1426426E-02  9.0130724E-12
  5.1551551E-02  9.0346107E-12
  5.1676676E-02  9.0561465E-12
  5.1801801E-02  9.0776796E-12
  5.1926926E-02  9.0992092E-12
  5.2052051E-02  9.1207363E-12
  5.2177176E-02  9.1422599E-12
  5.2302301E-02  9.1637817E-12
  5.2427426E-02  9.1853001E-12
  5.2552551E-02  9.2068150E-12
  5.2677676E-02  9.2283282E-12
  5.2802801E-02  9.2498379E-12
  5.2927926E-02  9.2713441E-12
  5.3053051E-02  9.2928486E-12
  5.3178180E-02  9.3143496E-12
  5.3303305E-02  9.3358472E-12
  5.3428430E-02  9.3573430E-12
  5.3553555E-02  9.3788345E-12
  5.3678680E-02  9.4003243E-12
  5.3803805E-02  9.4218106E-12
  5.3928930E-02  9.4432942E-12
  5.4054055E-02  9.4647745E-12
  5.4179180E-02  9.4862521E-12
  5.4304305E-02  9.5077262E-12
  5.4429431E-02  9.5291977E-12
  5.4554556E-02  9.5506658E-12
  5.4679681E-02  9.5721313E-12
  5.4804806E-02  9.5935941E-12
  5.4929931E-02  9.6150535E-12
  5.5055056E-02  9.6365103E-12
  5.5180181E-02  9.6579637E-12
  5.5305306E-02  9.6794135E-12
  5.5430431E-02  9.7008616E-12
  5.5555556E-02  9.7223054E-12
  5.5680681E-02  9.7437466E-12
  5.5805806E-02  9.7651852E-12
  5.5930931E-02  9.7866203E-12
  5.6056056E-02  9.8080528E-12
  5.6181181E-02  9.8294818E-12
  5.6306306E-02  9.8509074E-12
  5.6431431E-02  9.8723304E-12
  5.6556556E-02  9.8937499E-12
  5.6681681E-02  9.9151668E-12
  5.6806806E-02  9.9365802E-12
  5.6931932E-02  9.9579910E-12
  5.7057057E-02  9.9793984E-12
  5.7182182E-02  1.0000802E-11
  5.7307307E-02  1.0022204E-11
  5.7432432E-02  1.0043601E-11
  5.7557557E-02  1.0064996E-11
  5.7682682E-02  1.0086387E-11
  5.7807807E-02  1.0107776E-11
  5.7932932E-02  1.0129161E-11
  5.8058057E-02  1.0150544E-11
  5.8183182E-02  1.0171922E-11
  5.8308307E-02  1.0193298E-11
  5.8433432E-02  1.0214671E-11
  5.8558557E-02  1.0236040E-11
  5.8683682E-02  1.0257406E-11
  5.8808807E-02  1.0278769E-11
  5.8933932E-02  1.0300129E-11
  5.9059057E-02  1.0321486E-11
  5.9184182E-02  1.0342839E-11
  5.9309307E-02  1.0364189E-11
  5.9434436E-02  1.0385535E-11
  5.9559561E-02  1.0406879E-11
  5.9684686E-02  1.0428219E-11
  5.9809811E-02  1.0449556E-11
  5.9934936E-02  1.0470890E-11
  6.0060062E-02  1.0492221E-11
  6.0185187E-02  1.0513547E-11
  6.0310312E-02  1.0534872E-11
  6.0435437E-02  1.0556192E-11
  6.0560562E-02  1.0577509E-11
  6.0685687E-02  1.0598823E-11
  6.0810812E-02  1.0620134E-11
  6.0935937E-02  1.0641441E-11
  6.1061062E-02  1.0662745E-11
  6.1186187E-02  1.0684046E-11
  6.1311312E-02  1.0705343E-11
  6.1436437E-02  1.0726637E-11
  6.1561562E-02  1.0747928E-11
  6.1686687E-02  1.0769215E-11
  6.1811812E-02  1.0790499E-11
  6.1936937E-02  1.0811779E-11
  6.2062062E-02  1.0833057E-11
  6.2187187E-02  1.0854330E-11
  6.2312312E-02  1.0875601E-11
  6.2437437E-02  1.0896868E-11
  6.2562563E-02  1.0918131E-11
  6.2687688E-02  1.0939391E-11
  6.2812813E-02  1.0960647E-11
  6.2937938E-02  1.0981900E-11
  6.3063063E-02  1.1003151E-11
  6.3188188E-02  1.1024397E-11
  6.3313313E-02  1.1045640E-11
  6.3438438E-02  1.1066879E-11
  6.3563563E-02  1.1088115E-11
  6.3688688E-02  1.1109348E-11
  6.3813813E-02  1.1130576E-11
  6.3938938E-02  1.1151803E-11
  6.4064063E-02  1.1173024E-11
  6.4189188E-02  1.1194243E-11
  6.4314313E-02  1.1215458E-11
  6.4439438E-02  1.1236670E-11
  6.4564563E-02  1.1257877E-11
  6.4689688E-02  1.1279082E-11
  6.4814813E-02  1.1300283E-11
  6.4939938E-02  1.1321480E-11
  6.5065064E-02  1.1342674E-11
  6.5190189E-02  1.1363865E-11
  6.5315314E-02  1.1385052E-11
  6.5440439E-02  1.1406234E-11
  6.5565564E-02  1.1427415E-11
  6.5690689E-02  1.1448590E-11
  6.5815814E-02  1.1469764E-11
  6.5940939E-02  1.1490932E-11
  6.6066064E-02  1.1512098E-11
  6.6191189E-02  1.1533260E-11
  6.6316314E-02  1.1554417E-11
  6.6441439E-02  1.1575572E-11
  6.6566564E-02  1.1596723E-11
  6.6691689E-02  1.1617870E-11
  6.6816814E-02  1.1639014E-11
  6.6941939E-02  1.1660154E-11
  6.7067064E-02  1.1681290E-11
  6.7192189E-02  1.1702423E-11
  6.7317314E-02  1.1723552E-11
  6.7442439E-02  1.1744677E-11
  6.7567565E-02  1.1765799E-11
  6.7692690E-02  1.1786917E-11
  6.7817815E-02  1.1808032E-11
  6.7942940E-02  1.1829143E-11
  6.8068065E-02  1.1850249E-11
  6.8193190E-02  1.1871353E-11
  6.8318315E-02  1.1892452E-11
  6.8443440E-02  1.1913548E-11
  6.8568565E-02  1.1934640E-11
  6.8693690E-02  1.1955729E-11
  6.8818823E-02  1.1976814E-11
  6.8943948E-02  1.1997894E-11
  6.9069073E-02  1.2018972E-11
  6.9194198E-02  1.2040045E-11
  6.9319323E-02  1.2061114E-11
  6.9444448E-02  1.2082181E-11
  6.9569573E-02  1.2103243E-11
  6.9694698E-02  1.2124301E-11
  6.9819823E-02  1.2145356E-11
  6.9944948E-02  1.2166407E-11
  7.0070073E-02  1.2187453E-11
  7.0195198E-02  1.2208496E-11
  7.0320323E-02  1.2229536E-11
  7.0445448E-02  1.2250571E-11
  7.0570573E-02  1.2271603E-11
  7.0695698E-02  1.2292631E-11
  7.0820823E-02  1.2313655E-11
  7.0945948E-02  1.2334676E-11
  7.1071073E-02  1.2355692E-11
  7.1196198E-02  1.2376705E-11
  7.1321324E-02  1.2397713E-11
  7.1446449E-02  1.2418718E-11
  7.1571574E-02  1.2439719E-11
  7.1696699E-02  1.2460716E-11
  7.1821824E-02  1.2481708E-11
  7.1946949E-02  1.2502698E-11
  7.2072074E-02  1.2523683E-11
  7.2197199E-02  1.2544665E-11
  7.2322324E-02  1.2565642E-11
  7.2447449E-02  1.2586616E-11
  7.2572574E-02  1.2607586E-11
  7.2697699E-02  1.2628551E-11
  7.2822824E-02  1.2649513E-11
  7.2947949E-02  1.2670471E-11
  7.3073074E-02  1.2691425E-11
  7.3198199E-02  1.2712375E-11
  7.3323324E-02  1.2733320E-11
  7.3448449E-02  1.2754263E-11
  7.3573574E-02  1.2775201E-11
  7.3698699E-02  1.2796135E-11
  7.3823825E-02  1.2817065E-11
  7.3948950E-02  1.2837991E-11
  7.4074075E-02  1.2858913E-11
  7.4199200E-02  1.2879831E-11
  7.4324325E-02  1.2900745E-11
  7.4449450E-02  1.2921655E-11
  7.4574575E-02  1.2942561E-11
  7.4699700E-02  1.2963463E-11
  7.4824825E-02  1.2984361E-11
  7.4949950E-02  1.3005255E-11
  7.5075075E-02  1.3026144E-11
  7.5200200E-02  1.3047030E-11
  7.5325325E-02  1.3067912E-11
  7.5450450E-02  1.3088790E-11
  7.5575575E-02  1.3109663E-11
  7.5700700E-02  1.3130532E-11
  7.5825825E-02  1.3151398E-11
  7.5950950E-02  1.3172259E-11
  7.6076075E-02  1.3193116E-11
  7.6201200E-02  1.3213969E-11
  7.6326326E-02  1.3234818E-11
  7.6451451E-02  1.3255663E-11
  7.6576576E-02  1.3276503E-11
  7.6701701E-02  1.3297340E-11
  7.6826826E-02  1.3318172E-11
  7.6951951E-02  1.3339001E-11
  7.7077076E-02  1.3359825E-11
  7.7202201E-02  1.3380645E-11
  7.7327326E-02  1.3401460E-11
  7.7452451E-02  1.3422272E-11
  7.7577576E-02  1.3443079E-11
  7.7702701E-02  1.3463883E-11
  7.7827826E-02  1.3484681E-11
  7.7952951E-02  1.3505476E-11
  7.8078076E-02  1.3526267E-11
  7.8203201E-02  1.3547053E-11
  7.8328326E-02  1.3567835E-11
  7.8453451E-02  1.3588613E-11
  7.8578576E-02  1.3609387E-11
  7.8703701E-02  1.3630156E-11
  7.8828827E-02  1.3650922E-11
  7.8953952E-02  1.3671683E-11
  7.9079077E-02  1.3692440E-11
  7.9204202E-02  1.3713192E-11
  7.9329327E-02  1.3733940E-11
  7.9454452E-02  1.3754684E-11
  7.9579577E-02  1.3775424E-11
  7.9704702E-02  1.3796159E-11
  7.9829827E-02  1.3816890E-11
  7.9954952E-02  1.3837617E-11
  8.0080077E-02  1.3858339E-11
  8.0205202E-02  1.3879058E-11
  8.0330327E-02  1.3899771E-11
  8.0455452E-02  1.3920481E-11
  8.0580577E-02  1.3941186E-11
  8.0705702E-02  1.3961886E-11
  8.0830827E-02  1.3982583E-11
  8.0955952E-02  1.4003275E-11
  8.1081077E-02  1.4023963E-11
  8.1206203E-02  1.4044647E-11
  8.1331335E-02  1.4065325E-11
  8.1456460E-02  1.4086001E-11
  8.1581585E-02  1.4106671E-11
  8.1706710E-02  1.4127336E-11
  8.1831835E-02  1.4147998E-11
  8.1956960E-02  1.4168655E-11
  8.2082085E-02  1.4189308E-11
  8.2207210E-02  1.4209956E-11
  8.2332335E-02  1.4230600E-11
  8.2457460E-02  1.4251239E-11
  8.2582586E-02  1.4271874E-11
  8.2707711E-02  1.4292505E-11
  8.2832836E-02  1.4313131E-11
  8.2957961E-02  1.4333753E-11
  8.3083086E-02  1.4354370E-11
  8.3208211E-02  1.4374983E-11
  8.3333336E-02  1.4395591E-11
  8.3458461E-02  1.4416195E-11
  8.3583586E-02  1.4436795E-11
  8.3708711E-02  1.4457389E-11
  8.3833836E-02  1.4477980E-11
  8.3958961E-02  1.4498566E-11
  8.4084086E-02  1.4519147E-11
  8.4209211E-02  1.4539724E-11
  8.4334336E-02  1.4560296E-11
  8.4459461E-02  1.4580864E-11
  8.4584586E-02  1.4601428E-11
  8.4709711E-02  1.4621986E-11
  8.4834836E-02  1.4642541E-11
  8.4959961E-02  1.4663090E-11
  8.5085087E-02  1.4683635E-11
  8.5210212E-02  1.4704175E-11
  8.5335337E-02  1.4724711E-11
  8.5460462E-02  1.4745243E-11
  8.5585587E-02  1.4765770E-11
  8.5710712E-02  1.4786292E-11
  8.5835837E-02  1.4806810E-11
  8.5960962E-02  1.4827323E-11
  8.6086087E-02  1.4847831E-11
  8.6211212E-02  1.4868336E-11
  8.6336337E-02  1.4888835E-11
  8.6461462E-02  1.4909329E-11
  8.6586587E-02  1.4929820E-11
  8.6711712E-02  1.4950305E-11
  8.6836837E-02  1.4970785E-11
  8.6961962E-02  1.4991260E-11
  8.7087087E-02  1.5011731E-11
  8.7212212E-02  1.5032199E-11
  8.7337337E-02  1.5052661E-11
  8.7462462E-02  1.5073118E-11
  8.7587588E-02  1.5093570E-11
  8.7712713E-02  1.5114019E-11
  8.7837838E-02  1.5134463E-11
  8.7962963E-02  1.5154902E-11
  8.8088088E-02  1.5175335E-11
  8.8213213E-02  1.5195765E-11
  8.8338338E-02  1.5216189E-11
  8.8463463E-02  1.5236609E-11
  8.8588588E-02  1.5257023E-11
  8.8713713E-02  1.5277434E-11
  8.8838838E-02  1.5297839E-11
  8.8963963E-02  1.5318241E-11
  8.9089088E-02  1.5338637E-11
  8.9214213E-02  1.5359028E-11
  8.9339338E-02  1.5379415E-11
  8.9464463E-02  1.5399796E-11
  8.9589588E-02  1.5420174E-11
  8.9714713E-02  1.5440546E-11
  8.9839838E-02  1.5460914E-11
  8.9964963E-02  1.5481276E-11
  9.0090089E-02  1.5501635E-11
  9.0215214E-02  1.5521986E-11
  9.0340339E-02  1.5542335E-11
  9.0465464E-02  1.5562680E-11
  9.0590589E-02  1.5583018E-11
  9.0715714E-02  1.5603352E-11
  9.0840839E-02  1.5623681E-11
  9.0965964E-02  1.5644005E-11
  9.1091089E-02  1.5664324E-11
  9.1216214E-02  1.5684638E-11
  9.1341339E-02  1.5704948E-11
  9.1466464E-02  1.5725253E-11
  9.1591589E-02  1.5745552E-11
  9.1716714E-02  1.5765847E-11
  9.1841839E-02  1.5786138E-11
  9.1966964E-02  1.5806422E-11
  9.2092089E-02  1.5826703E-11
  9.2217214E-02  1.5846978E-11
  9.2342339E-02  1.5867248E-11
  9.2467465E-02  1.5887515E-11
  9.2592590E-02  1.5907775E-11
  9.2717715E-02  1.5928031E-11
  9.2842840E-02  1.5948283E-11
  9.2967965E-02  1.5968529E-11
  9.3093090E-02  1.5988769E-11
  9.3218215E-02  1.6009005E-11
  9.3343340E-02  1.6029235E-11
  9.3468465E-02  1.6049462E-11
  9.3593590E-02  1.6069682E-11
  9.3718715E-02  1.6089899E-11
  9.3843848E-02  1.6110110E-11
  9.3968973E-02  1.6130316E-11
  9.4094098E-02  1.6150517E-11
  9.4219223E-02  1.6170714E-11
  9.4344348E-02  1.6190905E-11
  9.4469473E-02  1.6211091E-11
  9.4594598E-02  1.6231272E-11
  9.4719723E-02  1.6251448E-11
  9.4844848E-02  1.6271619E-11
  9.4969973E-02  1.6291786E-11
  9.5095098E-02  1.6311947E-11
  9.5220223E-02  1.6332102E-11
  9.5345348E-02  1.6352253E-11
  9.5470473E-02  1.6372398E-11
  9.5595598E-02  1.6392540E-11
  9.5720723E-02  1.6412675E-11
  9.5845848E-02  1.6432807E-11
  9.5970973E-02  1.6452931E-11
  9.6096098E-02  1.6473052E-11
  9.6221223E-02  1.6493168E-11
  9.6346349E-02  1.6513279E-11
  9.6471474E-02  1.6533382E-11
  9.6596599E-02  1.6553483E-11
  9.6721724E-02  1.6573578E-11
  9.6846849E-02  1.6593667E-11
  9.6971974E-02  1.6613752E-11
  9.7097099E-02  1.6633831E-11
  9.7222224E-02  1.6653907E-11
  9.7347349E-02  1.6673976E-11
  9.7472474E-02  1.6694040E-11
  9.7597599E-02  1.6714099E-11
  9.7722724E-02  1.6734152E-11
  9.7847849E-02  1.6754202E-11
  9.7972974E-02  1.6774245E-11
  9.8098099E-02  1.6794283E-11
  9.8223224E-02  1.6814316E-11
  9.8348349E-02  1.6834345E-11
  9.8473474E-02  1.6854367E-11
  9.8598599E-02  1.6874384E-11
  9.8723724E-02  1.6894397E-11
  9.8848850E-02  1.6914404E-11
  9.8973975E-02  1.6934405E-11
  9.9099100E-02  1.6954401E-11
  9.9224225E-02  1.6974394E-11
  9.9349350E-02  1.6994380E-11
  9.9474475E-02  1.7014360E-11
  9.9599600E-02  1.7034336E-11
  9.9724725E-02  1.7054306E-11
  9.9849850E-02  1.7074273E-11
  9.9974975E-02  1.7094232E-11
  0.1001001      1.7114187E-11
  0.1002252      1.7134136E-11
  0.1003504      1.7154080E-11
  0.1004755      1.7174017E-11
  0.1006006      1.7193951E-11
  0.1007257      1.7213880E-11
  0.1008509      1.7233803E-11
  0.1009760      1.7253719E-11
  0.1011011      1.7273632E-11
  0.1012262      1.7293540E-11
  0.1013514      1.7313441E-11
  0.1014765      1.7333336E-11
  0.1016016      1.7353228E-11
  0.1017267      1.7373113E-11
  0.1018519      1.7392993E-11
  0.1019770      1.7412868E-11
  0.1021021      1.7432738E-11
  0.1022272      1.7452602E-11
  0.1023524      1.7472459E-11
  0.1024775      1.7492313E-11
  0.1026026      1.7512160E-11
  0.1027277      1.7532004E-11
  0.1028529      1.7551840E-11
  0.1029780      1.7571672E-11
  0.1031031      1.7591498E-11
  0.1032282      1.7611319E-11
  0.1033534      1.7631134E-11
  0.1034785      1.7650945E-11
  0.1036036      1.7670749E-11
  0.1037287      1.7690547E-11
  0.1038539      1.7710342E-11
  0.1039790      1.7730130E-11
  0.1041041      1.7749913E-11
  0.1042292      1.7769688E-11
  0.1043544      1.7789461E-11
  0.1044795      1.7809228E-11
  0.1046046      1.7828988E-11
  0.1047297      1.7848743E-11
  0.1048549      1.7868493E-11
  0.1049800      1.7888238E-11
  0.1051051      1.7907975E-11
  0.1052302      1.7927710E-11
  0.1053554      1.7947437E-11
  0.1054805      1.7967159E-11
  0.1056056      1.7986876E-11
  0.1057307      1.8006588E-11
  0.1058559      1.8026292E-11
  0.1059810      1.8045994E-11
  0.1061061      1.8065688E-11
  0.1062312      1.8085377E-11
  0.1063564      1.8105059E-11
  0.1064815      1.8124738E-11
  0.1066066      1.8144410E-11
  0.1067317      1.8164076E-11
  0.1068569      1.8183738E-11
  0.1069820      1.8203392E-11
  0.1071071      1.8223043E-11
  0.1072322      1.8242687E-11
  0.1073574      1.8262326E-11
  0.1074825      1.8281959E-11
  0.1076076      1.8301586E-11
  0.1077327      1.8321207E-11
  0.1078579      1.8340824E-11
  0.1079830      1.8360435E-11
  0.1081081      1.8380039E-11
  0.1082332      1.8399638E-11
  0.1083584      1.8419231E-11
  0.1084835      1.8438820E-11
  0.1086086      1.8458401E-11
  0.1087337      1.8477978E-11
  0.1088589      1.8497549E-11
  0.1089840      1.8517115E-11
  0.1091091      1.8536674E-11
  0.1092342      1.8556228E-11
  0.1093594      1.8575776E-11
  0.1094845      1.8595318E-11
  0.1096096      1.8614854E-11
  0.1097347      1.8634386E-11
  0.1098599      1.8653912E-11
  0.1099850      1.8673431E-11
  0.1101101      1.8692945E-11
  0.1102352      1.8712453E-11
  0.1103604      1.8731955E-11
  0.1104855      1.8751452E-11
  0.1106106      1.8770941E-11
  0.1107357      1.8790428E-11
  0.1108609      1.8809907E-11
  0.1109860      1.8829381E-11
  0.1111111      1.8848848E-11
  0.1112362      1.8868310E-11
  0.1113614      1.8887766E-11
  0.1114865      1.8907216E-11
  0.1116116      1.8926661E-11
  0.1117367      1.8946100E-11
  0.1118619      1.8965532E-11
  0.1119870      1.8984959E-11
  0.1121121      1.9004380E-11
  0.1122372      1.9023796E-11
  0.1123624      1.9043205E-11
  0.1124875      1.9062609E-11
  0.1126126      1.9082007E-11
  0.1127377      1.9101399E-11
  0.1128629      1.9120785E-11
  0.1129880      1.9140165E-11
  0.1131131      1.9159540E-11
  0.1132382      1.9178908E-11
  0.1133634      1.9198271E-11
  0.1134885      1.9217627E-11
  0.1136136      1.9236978E-11
  0.1137387      1.9256324E-11
  0.1138639      1.9275663E-11
  0.1139890      1.9294996E-11
  0.1141141      1.9314323E-11
  0.1142392      1.9333644E-11
  0.1143644      1.9352960E-11
  0.1144895      1.9372269E-11
  0.1146146      1.9391573E-11
  0.1147397      1.9410870E-11
  0.1148649      1.9430162E-11
  0.1149900      1.9449449E-11
  0.1151151      1.9468729E-11
  0.1152402      1.9488001E-11
  0.1153654      1.9507269E-11
  0.1154905      1.9526531E-11
  0.1156156      1.9545787E-11
  0.1157407      1.9565037E-11
  0.1158659      1.9584280E-11
  0.1159910      1.9603518E-11
  0.1161161      1.9622751E-11
  0.1162412      1.9641977E-11
  0.1163664      1.9661196E-11
  0.1164915      1.9680410E-11
  0.1166166      1.9699619E-11
  0.1167417      1.9718820E-11
  0.1168669      1.9738017E-11
  0.1169920      1.9757206E-11
  0.1171171      1.9776389E-11
  0.1172422      1.9795568E-11
  0.1173674      1.9814738E-11
  0.1174925      1.9833904E-11
  0.1176176      1.9853064E-11
  0.1177427      1.9872217E-11
  0.1178679      1.9891365E-11
  0.1179930      1.9910506E-11
  0.1181181      1.9929641E-11
  0.1182432      1.9948770E-11
  0.1183684      1.9967892E-11
  0.1184935      1.9987010E-11
  0.1186186      2.0006120E-11
  0.1187437      2.0025225E-11
  0.1188689      2.0044324E-11
  0.1189940      2.0063416E-11
  0.1191191      2.0082502E-11
  0.1192442      2.0101582E-11
  0.1193694      2.0120655E-11
  0.1194945      2.0139723E-11
  0.1196196      2.0158784E-11
  0.1197447      2.0177840E-11
  0.1198699      2.0196889E-11
  0.1199950      2.0215933E-11
  0.1201201      2.0234970E-11
  0.1202452      2.0254002E-11
  0.1203704      2.0273025E-11
  0.1204955      2.0292044E-11
  0.1206206      2.0311057E-11
  0.1207457      2.0330062E-11
  0.1208709      2.0349061E-11
  0.1209960      2.0368054E-11
  0.1211211      2.0387043E-11
  0.1212462      2.0406024E-11
  0.1213714      2.0424998E-11
  0.1214965      2.0443968E-11
  0.1216216      2.0462930E-11
  0.1217467      2.0481885E-11
  0.1218719      2.0500835E-11
  0.1219970      2.0519779E-11
  0.1221221      2.0538717E-11
  0.1222472      2.0557648E-11
  0.1223724      2.0576573E-11
  0.1224975      2.0595491E-11
  0.1226226      2.0614404E-11
  0.1227477      2.0633309E-11
  0.1228729      2.0652209E-11
  0.1229980      2.0671102E-11
  0.1231231      2.0689990E-11
  0.1232482      2.0708870E-11
  0.1233734      2.0727746E-11
  0.1234985      2.0746613E-11
  0.1236236      2.0765474E-11
  0.1237487      2.0784331E-11
  0.1238739      2.0803180E-11
  0.1239990      2.0822023E-11
  0.1241241      2.0840859E-11
  0.1242492      2.0859689E-11
  0.1243744      2.0878512E-11
  0.1244995      2.0897331E-11
  0.1246246      2.0916142E-11
  0.1247497      2.0934946E-11
  0.1248749      2.0953744E-11
  0.1250000      2.0972536E-11
